
1 1 10.000000
1 2 20.000000
1 4 10.000000
1 5 20.000000
1 7 10.000000
1 8 20.000000
1 10 10.000000
1 11 20.000000
1 13 10.000000
1 14 20.000000
1 16 10.000000
1 17 20.000000
1 19 10.000000
1 20 20.000000
1 22 10.000000
1 23 20.000000
1 25 10.000000
1 26 20.000000
1 28 10.000000
1 29 20.000000
1 31 10.000000
1 32 20.000000
1 34 10.000000
1 35 20.000000
1 37 10.000000
1 38 20.000000
1 40 10.000000
1 41 20.000000
1 43 10.000000
1 44 20.000000
1 46 10.000000
1 47 20.000000
1 49 10.000000
1 50 20.000000
1 52 10.000000
1 53 20.000000
1 55 10.000000
1 56 20.000000
1 58 10.000000
1 59 20.000000
1 61 10.000000
1 62 20.000000
1 64 10.000000
1 65 20.000000
1 67 10.000000
1 68 20.000000
1 70 10.000000
1 71 20.000000
1 73 10.000000
1 74 20.000000
1 76 10.000000
1 77 20.000000
1 79 10.000000
1 80 20.000000
2 0 -20.000000
2 1 -10.000000
2 3 -20.000000
2 4 -10.000000
2 6 -20.000000
2 7 -10.000000
2 9 -20.000000
2 10 -10.000000
2 12 -20.000000
2 13 -10.000000
2 15 -20.000000
2 16 -10.000000
2 18 -20.000000
2 19 -10.000000
2 21 -20.000000
2 22 -10.000000
2 24 -20.000000
2 25 -10.000000
2 27 -20.000000
2 28 -10.000000
2 30 -20.000000
2 31 -10.000000
2 33 -20.000000
2 34 -10.000000
2 36 -20.000000
2 37 -10.000000
2 39 -20.000000
2 40 -10.000000
2 42 -20.000000
2 43 -10.000000
2 45 -20.000000
2 46 -10.000000
2 48 -20.000000
2 49 -10.000000
2 51 -20.000000
2 52 -10.000000
2 54 -20.000000
2 55 -10.000000
2 57 -20.000000
2 58 -10.000000
2 60 -20.000000
2 61 -10.000000
2 63 -20.000000
2 64 -10.000000
2 66 -20.000000
2 67 -10.000000
2 69 -20.000000
2 70 -10.000000
2 72 -20.000000
2 73 -10.000000
2 75 -20.000000
2 76 -10.000000
2 78 -20.000000
2 79 -10.000000
3 0 -20.000000
3 1 -10.000000
3 3 -20.000000
3 4 -10.000000
3 6 -20.000000
3 7 -10.000000
3 9 -20.000000
3 10 -10.000000
3 12 -20.000000
3 13 -10.000000
3 15 -20.000000
3 16 -10.000000
3 18 -20.000000
3 19 -10.000000
3 21 -20.000000
3 22 -10.000000
3 24 -20.000000
3 25 -10.000000
3 27 -20.000000
3 28 -10.000000
3 30 -20.000000
3 31 -10.000000
3 33 -20.000000
3 34 -10.000000
3 36 -20.000000
3 37 -10.000000
3 39 -20.000000
3 40 -10.000000
3 42 -20.000000
3 43 -10.000000
3 45 -20.000000
3 46 -10.000000
3 48 -20.000000
3 49 -10.000000
3 51 -20.000000
3 52 -10.000000
3 54 -20.000000
3 55 -10.000000
3 57 -20.000000
3 58 -10.000000
3 60 -20.000000
3 61 -10.000000
3 63 -20.000000
3 64 -10.000000
3 66 -20.000000
3 67 -10.000000
3 69 -20.000000
3 70 -10.000000
3 72 -20.000000
3 73 -10.000000
3 75 -20.000000
3 76 -10.000000
3 78 -20.000000
3 79 -10.000000
4 0 -20.000000
4 1 -10.000000
4 3 -20.000000
4 4 -10.000000
4 6 -20.000000
4 7 -10.000000
4 9 -20.000000
4 10 -10.000000
4 12 -20.000000
4 13 -10.000000
4 15 -20.000000
4 16 -10.000000
4 18 -20.000000
4 19 -10.000000
4 21 -20.000000
4 22 -10.000000
4 24 -20.000000
4 25 -10.000000
4 27 -20.000000
4 28 -10.000000
4 30 -20.000000
4 31 -10.000000
4 33 -20.000000
4 34 -10.000000
4 36 -20.000000
4 37 -10.000000
4 39 -20.000000
4 40 -10.000000
4 42 -20.000000
4 43 -10.000000
4 45 -20.000000
4 46 -10.000000
4 48 -20.000000
4 49 -10.000000
4 51 -20.000000
4 52 -10.000000
4 54 -20.000000
4 55 -10.000000
4 57 -20.000000
4 58 -10.000000
4 60 -20.000000
4 61 -10.000000
4 63 -20.000000
4 64 -10.000000
4 66 -20.000000
4 67 -10.000000
4 69 -20.000000
4 70 -10.000000
4 72 -20.000000
4 73 -10.000000
4 75 -20.000000
4 76 -10.000000
4 78 -20.000000
4 79 -10.000000
