0.25 0.25 0.25 0.25 
0.114286 0.314286 0.4 0.171429 
0.0963855 0.13253 0.590361 0.180723 
0.103337 0.0947255 0.527449 0.274489 
0.173795 0.089613 0.332654 0.403938 
0.272727 0.363636 0.136364 0.227273 
0.335294 0.329412 0.0705882 0.264706 
0.390552 0.282726 0.0346195 0.292102 
0.126533 0.549597 0.134595 0.189274 
0.144864 0.314607 0.269663 0.270867 
0.156627 0.45354 0.145781 0.244052 
0.121253 0.526661 0.131665 0.220422 
0.0993789 0.409938 0.434783 0.0559006 
0.0772325 0.477876 0.394208 0.0506838 
0.0588175 0.5459 0.35025 0.0450322 
0.043932 0.611616 0.305211 0.0392414 
0.0965168 0.335924 0.502901 0.0646587 
0.116124 0.269445 0.504222 0.110209 
0.0913649 0.105998 0.69425 0.108388 
0.0433604 0.327913 0.531165 0.097561 
0.0514469 0.259378 0.525188 0.163987 
0.0575252 0.193349 0.489364 0.259762 
0.0213717 0.19754 0.636328 0.14476 
0.024056 0.148234 0.596876 0.230834 
0.0253945 0.104321 0.525073 0.345211 
0.0435556 0.100647 0.337718 0.51808 
0.00759309 0.105275 0.706497 0.180635 
0.130435 0.478261 0.228261 0.163043 
0.119048 0.52381 0.208333 0.14881 
0.0900901 0.594595 0.183934 0.131381 
0.0667408 0.660734 0.158973 0.113552 
0.355556 0.2 0.133333 0.311111 
0.416438 0.172603 0.0657534 0.345205 
0.142056 0.353271 0.269159 0.235514 
0.131034 0.162931 0.434483 0.271552 
0.165487 0.27436 0.27436 0.285792 
0.134484 0.334439 0.260119 0.270958 
0.179999 0.329833 0.146592 0.343576 
0.222222 0.111111 0.388889 0.277778 
0.0875513 0.180575 0.670315 0.0615595 
0.0690151 0.17793 0.704529 0.0485262 
0.0539465 0.173851 0.734271 0.0379311 
0.0950314 0.191408 0.646741 0.0668189 
0.110986 0.149029 0.629433 0.110552 
0.154892 0.277314 0.439221 0.128573 
0.127406 0.28513 0.481706 0.105757 
0.102708 0.344783 0.453045 0.0994647 
0.175103 0.135431 0.402189 0.287278 
0.148062 0.171776 0.396761 0.283401 
0.125989 0.182709 0.45015 0.241152 
0.105366 0.191002 0.501954 0.201678 
0.0868805 0.236238 0.482871 0.194011 
0.0705811 0.287877 0.45766 0.183881 
0.0564259 0.345214 0.426855 0.171504 
0.0443484 0.406986 0.391405 0.157261 
0.0342475 0.471435 0.352634 0.141683 
0.438733 0.234025 0.0163749 0.310868 
0.480765 0.18896 0.00755523 0.322721 
0.204526 0.482321 0.0385696 0.274583 
0.186658 0.586913 0.0176001 0.208829 
0.226426 0.524598 0.00898936 0.239987 
0.268241 0.457932 0.00448399 0.269343 
0.310925 0.391116 0.00218842 0.295771 
0.1 0.55 0.204167 0.145833 
0.075 0.61875 0.178646 0.127604 
0.0551302 0.682236 0.153203 0.109431 
0.0398083 0.738942 0.129062 0.0921873 
0.101947 0.473097 0.247891 0.177065 
0.1026 0.238064 0.436588 0.222749 
0.0811646 0.0941637 0.604407 0.220265 
0.0845769 0.065415 0.524848 0.325161 
0.0326656 0.0694782 0.709479 0.188377 
0.0344456 0.130248 0.738428 0.0968784 
0.039417 0.0993636 0.704168 0.157052 
0.0430807 0.0723995 0.641349 0.24317 
0.080212 0.0758254 0.447798 0.396164 
0.0686616 0.0811333 0.511088 0.339117 
0.0580762 0.102938 0.504344 0.334642 
0.0487503 0.129612 0.493915 0.327723 
0.0407256 0.135346 0.550151 0.273777 
0.0334579 0.138991 0.602631 0.22492 
0.0270777 0.140608 0.650285 0.182029 
0.193353 0.299094 0.253776 0.253776 
0.156671 0.363525 0.239902 0.239902 
0.146052 0.406664 0.223642 0.223642 
0.194286 0.398607 0.125264 0.281843 
0.240528 0.363616 0.0652958 0.33056 
0.283271 0.315539 0.0323785 0.368812 
0.0857703 0.573243 0.117645 0.223342 
0.10003 0.334273 0.240106 0.325591 
0.0914064 0.152728 0.383963 0.371903 
0.0378787 0.174049 0.556898 0.231174 
0.0400625 0.122722 0.490838 0.346378 
0.0729345 0.0334283 0.651472 0.242165 
0.0743334 0.022713 0.553306 0.349648 
0.123777 0.0212742 0.345505 0.509443 
0.161261 0.0204229 0.18953 0.628786 
0.126984 0.232804 0.37037 0.269841 
0.0444085 0.335839 0.566671 0.053082 
0.034934 0.396282 0.520067 0.0487165 
0.0270191 0.459746 0.469276 0.0439587 
0.0205404 0.524261 0.416211 0.0389879 
0.0153516 0.587738 0.362915 0.0339955 
0.0333752 0.319444 0.591749 0.0554312 
0.0262175 0.376403 0.581051 0.0163287 
0.0203586 0.365359 0.601603 0.0126797 
0.150495 0.49901 0.142574 0.207921 
0.136838 0.544472 0.129636 0.189053 
0.103247 0.616221 0.114115 0.166418 
0.0762045 0.682231 0.0982637 0.143301 
0.178075 0.398559 0.172217 0.25115 
0.177209 0.528828 0.0856897 0.208274 
0.221438 0.486918 0.045085 0.246559 
0.329897 0.0927835 0.216495 0.360825 
0.396867 0.0822454 0.109661 0.411227 
0.0522651 0.178716 0.60655 0.162469 
0.0576221 0.131356 0.557267 0.253755 
0.0594614 0.0903656 0.479212 0.370961 
0.0233948 0.0977733 0.659903 0.218929 
0.0246613 0.0687108 0.579688 0.32694 
0.0677966 0.0466102 0.726695 0.158898 
0.133108 0.0343169 0.44586 0.386715 
0.115026 0.0370689 0.513723 0.334182 
0.0974377 0.039251 0.580228 0.283083 
0.0809807 0.040777 0.642971 0.235271 
0.144231 0.423077 0.252404 0.180288 
0.141011 0.206816 0.431845 0.220329 
0.0552613 0.222887 0.592332 0.129519 
0.0627294 0.168672 0.560317 0.208281 
0.0224025 0.165654 0.700369 0.111575 
0.0256162 0.126278 0.667366 0.180739 
0.0277837 0.0913088 0.603195 0.277712 
0.00989928 0.0894663 0.752212 0.148423 
0.0109185 0.0657851 0.691382 0.231914 
0.0113797 0.0457092 0.600488 0.342423 
0.0202524 0.0457585 0.400757 0.533232 
0.517555 0.149888 0.00342459 0.329132 
0.244563 0.424965 0.0194189 0.311053 
0.0524017 0.528384 0.320961 0.0982533 
0.0392799 0.594108 0.280687 0.0859247 
0.0289215 0.656156 0.241113 0.07381 
0.020949 0.712921 0.203756 0.0623742 
0.0149549 0.763399 0.169698 0.0519483 
0.040197 0.512983 0.342096 0.104723 
0.0391684 0.249928 0.583349 0.127554 
0.0448863 0.190942 0.55709 0.207082 
0.108254 0.35724 0.473613 0.0608931 
0.124127 0.54616 0.271528 0.0581846 
0.093467 0.616882 0.238536 0.0511148 
0.0688921 0.682032 0.205121 0.0439546 
0.16164 0.400059 0.360954 0.0773473 
0.14829 0.183509 0.579501 0.0886991 
0.125543 0.233039 0.613258 0.0281598 
0.0994259 0.230699 0.647573 0.0223016 
0.0780709 0.226436 0.677981 0.0175116 
0.0608691 0.22068 0.704797 0.0136532 
0.107762 0.244182 0.623884 0.0241715 
0.0853255 0.290013 0.617485 0.00717708 
0.0667476 0.283585 0.644053 0.00561441 
0.244422 0.139296 0.236382 0.379899 
0.303067 0.127266 0.12341 0.446258 
0.0880985 0.22197 0.430487 0.259445 
0.146488 0.207611 0.268426 0.377475 
0.190221 0.198647 0.146763 0.464369 
0.0467144 0.292701 0.432505 0.228079 
0.0815094 0.287279 0.282995 0.348217 
0.065268 0.345054 0.264374 0.325304 
0.0350877 0.398026 0.537281 0.0296053 
0.0271263 0.461571 0.4846 0.0267025 
0.0206127 0.526106 0.429609 0.0236723 
0.0153987 0.58954 0.374429 0.0206318 
0.0113174 0.649935 0.321057 0.0176909 
0.00819258 0.705722 0.271145 0.0149406 
0.0205232 0.441975 0.509431 0.0280707 
0.0154217 0.498168 0.478501 0.00790991 
0.0115939 0.561779 0.419689 0.00693772 
0.124524 0.385246 0.26494 0.225289 
0.0977174 0.45347 0.242557 0.206256 
0.0750785 0.522617 0.217422 0.184883 
0.0565197 0.590145 0.190957 0.162378 
0.170213 0.0425532 0.521277 0.265957 
0.17274 0.0647773 0.661269 0.101215 
0.139687 0.0654784 0.712987 0.0818479 
0.11139 0.0652678 0.758074 0.0652678 
0.0877776 0.0642902 0.7965 0.0514322 
0.0684921 0.0627064 0.828669 0.0401321 
0.121839 0.0697171 0.737053 0.0713903 
0.13788 0.0525969 0.695072 0.114451 
0.150802 0.0383509 0.633513 0.177335 
0.463563 0.141573 0.0308186 0.364045 
0.192277 0.35233 0.153395 0.301997 
0.194138 0.474321 0.0774402 0.254101 
0.237632 0.427799 0.0399113 0.294658 
0.27996 0.371369 0.0197981 0.328873 
0.320503 0.313269 0.00954327 0.356684 
0.358801 0.258412 0.00449836 0.378289 
0.13192 0.570062 0.0198469 0.278171 
0.116359 0.670423 0.0087529 0.204465 
0.0645885 0.434178 0.32967 0.171563 
0.0707304 0.380372 0.36102 0.187878 
0.0669347 0.119987 0.498233 0.314846 
0.0480717 0.0430865 0.626194 0.282648 
0.0481178 0.0287518 0.522329 0.400802 
0.0188214 0.0309276 0.715088 0.235163 
0.0194337 0.0212891 0.615292 0.343985 
0.0345102 0.0212653 0.409736 0.534489 
0.0295463 0.0273098 0.409267 0.533877 
0.254074 0.289595 0.14041 0.315921 
0.307643 0.258375 0.0715846 0.362397 
0.353009 0.218456 0.0345855 0.39395 
0.123142 0.457233 0.144776 0.274849 
0.119068 0.589475 0.0699933 0.221463 
0.0886379 0.658232 0.0607891 0.192341 
0.0646377 0.720007 0.0517177 0.163638 
0.159145 0.443184 0.0955008 0.302171 
0.151622 0.562979 0.0454932 0.239906 
0.114083 0.63539 0.0399347 0.210593 
0.0443996 0.0497439 0.550819 0.355037 
0.0168077 0.0517849 0.729805 0.201602 
0.017784 0.0365285 0.643496 0.302192 
0.00629797 0.0355743 0.797601 0.160526 
0.00683007 0.0257199 0.720824 0.246626 
0.00701203 0.0176034 0.61669 0.358695 
0.00254809 0.0175914 0.784342 0.195518 
0.00269674 0.0124118 0.691749 0.293143 
0.00513094 0.0132835 0.493557 0.488028 
0.00438452 0.0170267 0.492051 0.486538 
0.0289658 0.164291 0.776194 0.0305499 
0.0222848 0.157996 0.796216 0.0235035 
0.0170777 0.151348 0.813563 0.0180116 
0.0318339 0.176326 0.758265 0.0335748 
0.0384079 0.141826 0.762379 0.0573868 
0.0452085 0.111292 0.747807 0.0956928 
0.0514821 0.0844908 0.70965 0.154377 
0.0560877 0.0613662 0.64428 0.238266 
0.103733 0.0638411 0.446842 0.385584 
0.134078 0.24581 0.410615 0.209497 
0.109339 0.300683 0.390661 0.199317 
0.0875646 0.361204 0.365005 0.186227 
0.0722499 0.372538 0.401555 0.153656 
0.056498 0.436977 0.366343 0.140182 
0.0433629 0.503078 0.328035 0.125524 
0.0326742 0.568607 0.288372 0.110346 
0.0241895 0.631432 0.249071 0.0953077 
0.0549348 0.358498 0.424233 0.162334 
0.0465743 0.151969 0.629421 0.172036 
0.0413693 0.202478 0.698849 0.0573036 
0.0418768 0.168693 0.759986 0.0294446 
0.0323247 0.162768 0.782179 0.0227283 
0.0590005 0.185682 0.713833 0.0414847 
0.0705394 0.147997 0.711199 0.0702638 
0.0818882 0.114539 0.688018 0.115555 
0.0914646 0.0852891 0.640399 0.182847 
0.0840309 0.117536 0.735438 0.062995 
0.0322267 0.672985 0.261205 0.0335835 
0.0232579 0.728536 0.219929 0.0282766 
0.0594002 0.465166 0.42127 0.0541633 
0.0541522 0.212035 0.672091 0.0617226 
0.0642357 0.167678 0.664364 0.103722 
0.0732784 0.127522 0.631575 0.167625 
0.0794713 0.0921991 0.570792 0.257538 
0.177847 0.480499 0.131045 0.210608 
0.226096 0.450104 0.0701461 0.253653 
0.273198 0.400749 0.0356882 0.290365 
0.318192 0.34392 0.0175014 0.320387 
0.360557 0.287156 0.00835015 0.343937 
0.399954 0.234708 0.00390002 0.361438 
0.436177 0.188606 0.00179083 0.373426 
0.186707 0.484401 0.00919888 0.319693 
0.169182 0.585245 0.00416773 0.241405 
0.203621 0.519014 0.00211204 0.275253 
0.240202 0.451136 0.00104904 0.307613 
0.277856 0.384526 0.000510944 0.337107 
0.102436 0.131351 0.371497 0.394716 
0.140403 0.132658 0.214397 0.512542 
0.0309654 0.175543 0.567413 0.226079 
0.0329028 0.124351 0.502429 0.340317 
0.0124451 0.129344 0.66513 0.193081 
0.0134326 0.093072 0.598259 0.295237 
0.0244913 0.0954537 0.409045 0.471009 
0.0240325 0.112399 0.401383 0.462186 
0.140219 0.661338 0.0154248 0.183019 
0.102819 0.727415 0.0131957 0.15657 
0.0738641 0.783851 0.0110596 0.131225 
0.227907 0.0865898 0.183675 0.501827 
0.269884 0.0755546 0.0915813 0.56298 
0.0915438 0.153767 0.372768 0.381921 
0.208487 0.178225 0.235234 0.378054 
0.261585 0.16477 0.124271 0.449373 
0.07186 0.271584 0.409662 0.246894 
0.0273974 0.284747 0.546659 0.141197 
0.03139 0.217495 0.521936 0.229179 
0.0112105 0.213608 0.652409 0.122772 
0.0128677 0.163456 0.624039 0.199637 
0.0139157 0.117845 0.562386 0.305853 
0.0139937 0.0790038 0.471282 0.435721 
0.00552166 0.0857273 0.650859 0.257892 
0.00569007 0.0588947 0.558925 0.37649 
0.0283062 0.788151 0.107067 0.0764761 
0.0779783 0.542802 0.221211 0.158008 
0.0834878 0.290577 0.414471 0.211465 
0.0314998 0.301494 0.547328 0.119678 
0.0367068 0.234221 0.531502 0.19757 
0.0400877 0.170529 0.483713 0.30567 
0.0685419 0.164009 0.310145 0.457305 
0.0566503 0.203331 0.299059 0.44096 
0.500748 0.112685 0.0140172 0.37255 
0.239574 0.323472 0.080475 0.356479 
0.129804 0.240984 0.267065 0.362147 
0.0571709 0.291882 0.411691 0.239256 
0.0671357 0.457009 0.241724 0.234131 
0.0513343 0.524168 0.215636 0.208863 
0.0385152 0.58991 0.188752 0.182823 
0.028385 0.65213 0.162291 0.157194 
0.0658537 0.378238 0.282389 0.273519 
0.353227 0.3274 0.00104681 0.318326 
0.394015 0.269098 0.000491656 0.336395 
0.146621 0.600823 0.00219547 0.25036 
0.126676 0.692123 0.000948407 0.180252 
0.00951873 0.107534 0.688852 0.194095 
0.0102328 0.0770669 0.617105 0.295595 
0.0102881 0.0516556 0.517034 0.421023 
0.00396688 0.0547728 0.697753 0.243507 
0.00410263 0.0377648 0.601359 0.356773 
0.00149302 0.037794 0.765959 0.194754 
0.00158682 0.0267789 0.678399 0.293235 
0.00300744 0.0285487 0.482155 0.486289 
0.00257518 0.0305567 0.550473 0.416395 
0.06 0.48 0.36 0.1 
0.056872 0.227488 0.597156 0.118483 
0.06507 0.17352 0.569363 0.192047 
0.087796 0.312163 0.384107 0.215933 
0.0698963 0.37278 0.356762 0.200561 
0.0546373 0.437099 0.325358 0.182906 
0.0419236 0.503083 0.291257 0.163736 
0.0315839 0.56851 0.255994 0.143912 
0.0233798 0.631254 0.221081 0.124285 
0.0170259 0.689549 0.187832 0.105593 
0.0415791 0.420989 0.344029 0.193403 
0.0379414 0.192078 0.549378 0.220602 
0.0696135 0.198235 0.377992 0.354159 
0.0105417 0.80718 0.139557 0.0427214 
0.0302015 0.578135 0.299868 0.0917963 
0.0248381 0.156337 0.80136 0.0174643 
0.0190155 0.14961 0.818004 0.0133702 
0.03555 0.174813 0.764641 0.0249961 
0.0281485 0.207625 0.756804 0.00742196 
0.0215834 0.199001 0.773725 0.00569093 
0.0400796 0.230961 0.718391 0.0105679 
0.0311063 0.268878 0.69694 0.0030757 
0.0239365 0.258629 0.715067 0.00236677 
0.0438815 0.296332 0.655448 0.00433887 
0.103868 0.0634749 0.4418 0.390857 
0.0151073 0.0698186 0.787164 0.12791 
0.0176693 0.0241953 0.53279 0.425346 
0.0118282 0.00809842 0.624155 0.355918 
0.0113561 0.00518345 0.499368 0.484092 
0.130435 0.403533 0.271852 0.19418 
0.124145 0.192036 0.452799 0.23102 
0.0480516 0.204407 0.613413 0.134128 
0.0542639 0.153889 0.577266 0.214581 
0.0995559 0.158813 0.397158 0.344473 
0.0849389 0.16937 0.451795 0.293897 
0.0712012 0.177471 0.504965 0.246363 
0.0793429 0.112506 0.531536 0.276616 
0.0658281 0.116678 0.587996 0.229498 
0.0537299 0.119043 0.639908 0.18732 
0.0432238 0.119707 0.686377 0.150692 
0.0343395 0.118878 0.727064 0.119719 
0.0269949 0.116815 0.762077 0.094113 
0.0210367 0.11379 0.791833 0.0733407 
0.037471 0.126678 0.705215 0.130636 
0.0418824 0.0943947 0.656867 0.206856 
0.0893869 0.450432 0.24959 0.210591 
0.0902669 0.606489 0.126024 0.177221 
0.0666774 0.671992 0.108605 0.152726 
0.0483327 0.730664 0.0918455 0.129158 
0.03447 0.781645 0.0764197 0.107465 
0.0937208 0.531305 0.155834 0.219141 
0.0286136 0.0240433 0.745455 0.201888 
0.0300606 0.0168395 0.652628 0.300471 
0.0297391 0.0111063 0.53804 0.421115 
0.0115487 0.0118606 0.73129 0.245301 
0.0210515 0.00810749 0.41657 0.554271 
0.0289358 0.00821135 0.241089 0.721764 
0.079668 0.410788 0.46473 0.0448133 
0.0633489 0.408304 0.492714 0.0356338 
0.0490237 0.47396 0.444845 0.0321718 
0.0372384 0.54003 0.394221 0.0285107 
0.0277801 0.604299 0.343107 0.024814 
0.0203746 0.66481 0.293583 0.0212324 
0.0482023 0.393203 0.520921 0.0376737 
0.0369852 0.452552 0.499623 0.01084 
0.028902 0.442056 0.520571 0.0084709 
0.0225086 0.430338 0.540556 0.00659708 
0.0174788 0.417716 0.559682 0.00512287 
0.0135391 0.404454 0.578039 0.00396817 
0.0104646 0.390763 0.595705 0.00306708 
0.0198687 0.829827 0.0876774 0.0626267 
0.0458686 0.235265 0.665397 0.0534694 
0.0358176 0.229641 0.692789 0.0417529 
0.0278014 0.222807 0.716983 0.0324083 
0.0214733 0.215115 0.73838 0.0250316 
0.0165191 0.206857 0.757368 0.0192565 
0.0126664 0.198264 0.774304 0.0147653 
0.0235217 0.230112 0.718947 0.0274194 
0.0288646 0.188255 0.735213 0.0476675 
0.531229 0.088085 0.00626121 0.374425 
0.391469 0.178505 0.0161489 0.413878 
0.157594 0.431164 0.0780126 0.33323 
0.150207 0.54794 0.037178 0.264675 
0.113425 0.620647 0.0327532 0.233174 
0.0837308 0.687243 0.0282082 0.200818 
0.0605957 0.746034 0.0238165 0.169553 
0.154529 0.475627 0.045552 0.324291 
0.142855 0.586262 0.0210554 0.249827 
0.106746 0.657108 0.0183554 0.217791 
0.114598 0.0798227 0.269374 0.536205 
0.0452144 0.106292 0.478265 0.370228 
0.0381236 0.112028 0.537681 0.312167 
0.0315793 0.115997 0.593843 0.25858 
0.0257381 0.118176 0.645334 0.210751 
0.0206789 0.118684 0.691313 0.169325 
0.0164104 0.117732 0.731485 0.134373 
0.0278092 0.124693 0.619789 0.227709 
0.0752168 0.189373 0.682523 0.0528868 
0.0610396 0.230519 0.692347 0.0160944 
0.0473758 0.223646 0.716486 0.0124917 
0.036591 0.215918 0.737843 0.00964801 
0.0665158 0.245313 0.670633 0.0175384 
0.0817384 0.20097 0.68676 0.0305322 
0.0983294 0.161174 0.688463 0.0520334 
0.0805858 0.198136 0.705287 0.0159915 
0.140625 0.216096 0.615374 0.0279057 
0.113002 0.260471 0.618118 0.00840903 
0.190474 0.274405 0.520947 0.0141742 
0.229866 0.441538 0.314341 0.0142546 
0.252131 0.387445 0.344789 0.0156353 
0.0165462 0.777445 0.18254 0.0234694 
0.0452807 0.531893 0.374656 0.0481701 
0.0440865 0.258933 0.638356 0.0586246 
0.0352012 0.31012 0.637125 0.0175535 
0.0272897 0.300526 0.658576 0.0136083 
0.0210787 0.29016 0.67825 0.0105111 
0.0162316 0.279296 0.696379 0.00809407 
0.0296698 0.319078 0.636457 0.0147952 
0.0349576 0.132183 0.780628 0.0522315 
0.0270307 0.127762 0.80482 0.0403876 
0.0207894 0.122828 0.82532 0.0310623 
0.0577366 0.0421135 0.552683 0.347467 
0.0219602 0.0440494 0.735751 0.19824 
0.118784 0.191401 0.606295 0.0835202 
0.159072 0.341756 0.405965 0.0932063 
0.126844 0.408776 0.37767 0.08671 
0.0989592 0.478367 0.343751 0.0789225 
0.0755627 0.547904 0.306227 0.0703071 
0.056529 0.614836 0.267272 0.0613634 
0.123773 0.336554 0.438904 0.100769 
0.104354 0.141875 0.647573 0.106198 
0.14785 0.268015 0.458748 0.125387 
0.120071 0.326486 0.434645 0.118799 
0.163265 0.336735 0.291667 0.208333 
0.175236 0.481898 0.156526 0.18634 
0.159831 0.527443 0.142766 0.169959 
0.121467 0.601261 0.126581 0.150691 
0.13807 0.546758 0.143883 0.171289 
0.127634 0.673909 0.0665039 0.131952 
0.0931617 0.737841 0.0566322 0.112366 
0.230387 0.456167 0.105038 0.208408 
0.0941176 0.317647 0.423529 0.164706 
0.0784314 0.132353 0.617647 0.171569 
0.0848431 0.0954485 0.556783 0.262925 
0.0315349 0.097561 0.724316 0.146588 
0.0347362 0.0716434 0.664873 0.228748 
0.0361602 0.0497203 0.576775 0.337345 
0.0134045 0.0506858 0.748331 0.187579 
0.0143128 0.0360801 0.665864 0.283743 
0.0268743 0.0381069 0.468846 0.466173 
0.0230521 0.0408589 0.536218 0.399871 
0.0193885 0.0429568 0.601333 0.336321 
0.0274423 0.389123 0.56028 0.0231544 
0.0212434 0.451838 0.506007 0.0209115 
0.0161702 0.515899 0.44936 0.0185705 
0.012104 0.579255 0.392423 0.0162175 
0.00891486 0.639951 0.337199 0.0139353 
0.00646709 0.696356 0.285383 0.0117939 
0.00462692 0.74732 0.238209 0.00984435 
0.0122569 0.494918 0.473267 0.0195585 
0.0110186 0.222459 0.744544 0.0219782 
0.00858393 0.259957 0.725038 0.00642071 
0.00656932 0.248683 0.739834 0.0049138 
0.0122373 0.289529 0.68908 0.00915342 
0.10255 0.141007 0.654293 0.10215 
0.0818211 0.14063 0.696047 0.0815015 
0.0645698 0.138724 0.732389 0.0643175 
0.0504921 0.135599 0.763614 0.0502948 
0.0391886 0.131553 0.790222 0.0390355 
0.0583991 0.183789 0.735997 0.0218141 
0.103714 0.204 0.653546 0.0387407 
0.123584 0.162056 0.648963 0.0653974 
0.102781 0.202166 0.674657 0.020396 
0.175138 0.215305 0.574803 0.0347545 
0.224947 0.368717 0.369138 0.0371988 
0.242856 0.318457 0.398526 0.0401604 
0.269781 0.471686 0.221355 0.0371774 
0.297883 0.416655 0.244413 0.04105 
0.0339573 0.235284 0.580755 0.150004 
0.0382712 0.176782 0.545445 0.239502 
0.0137039 0.174078 0.68358 0.128638 
0.0155436 0.131631 0.646123 0.206702 
0.0166319 0.0938986 0.576137 0.313332 
0.00602315 0.0935133 0.730256 0.170207 
0.00656089 0.067908 0.662877 0.262654 
0.00671999 0.0463699 0.565793 0.381117 
0.0116172 0.0450911 0.366793 0.576498 
0.0146958 0.305626 0.63008 0.0495982 
0.0180587 0.250376 0.645222 0.0863431 
0.0241925 0.447226 0.43219 0.0963921 
0.0184435 0.511423 0.3844 0.0857335 
0.013825 0.575035 0.336165 0.0749755 
0.0101951 0.636081 0.289219 0.0645051 
0.00740391 0.692902 0.245042 0.0546523 
0.00530214 0.744309 0.204728 0.045661 
0.0139835 0.490747 0.404952 0.0903173 
0.0129367 0.227004 0.655614 0.104445 
0.0150675 0.176263 0.636334 0.172335 
0.0166125 0.129558 0.584654 0.269176 
0.0305229 0.133899 0.40283 0.432748 
0.0430647 0.139203 0.239305 0.578427 
0.0597836 0.13396 0.423813 0.382444 
0.00839061 0.142184 0.728655 0.120771 
0.00362167 0.0750095 0.76444 0.156929 
0.00396068 0.0243054 0.483793 0.487941 
0.00158652 0.0178493 0.565226 0.415338 
0.000598241 0.018509 0.74597 0.234922 
0.00061841 0.0127554 0.6426 0.344027 
0.230382 0.190065 0.264579 0.314975 
0.295275 0.179496 0.142781 0.382449 
0.0766844 0.279696 0.444971 0.198648 
0.0616661 0.112459 0.626195 0.199679 
0.115379 0.118358 0.439359 0.326904 
0.165469 0.125073 0.265306 0.444151 
0.0331742 0.150452 0.638282 0.178092 
0.0361503 0.1093 0.579619 0.274931 
0.0650708 0.110666 0.391245 0.433018 
0.0901787 0.113008 0.228298 0.568516 
0.137102 0.555622 0.117859 0.189417 
0.10316 0.627102 0.103461 0.166277 
0.075936 0.692417 0.0888511 0.142796 
0.0548347 0.750009 0.0748544 0.120302 
0.0389581 0.799282 0.0620449 0.099715 
0.108187 0.554905 0.129225 0.207683 
0.124155 0.318403 0.259521 0.29792 
0.0527206 0.371813 0.385706 0.18976 
0.0458116 0.161544 0.586529 0.206116 
0.0853135 0.169221 0.409603 0.335862 
0.0705738 0.209977 0.395308 0.324141 
0.0589719 0.403298 0.391077 0.146654 
0.0179583 0.168868 0.729437 0.0837364 
0.0209541 0.13136 0.70927 0.138416 
0.00902373 0.0691399 0.742392 0.179444 
0.00972395 0.04967 0.666667 0.273939 
0.0184389 0.0529797 0.474059 0.454522 
0.0157427 0.0565411 0.539655 0.388061 
0.0131847 0.0591919 0.60262 0.325004 
0.0482759 0.136907 0.499298 0.315519 
0.0182477 0.14231 0.660549 0.178893 
0.0198991 0.10346 0.600274 0.276367 
0.0202923 0.0703361 0.510114 0.399258 
0.00781074 0.0744512 0.68722 0.230518 
0.549859 0.117338 0.00153193 0.331271 
0.284193 0.363873 0.00950129 0.342433 
0.155149 0.546282 0.0181545 0.280415 
0.137753 0.646709 0.00805951 0.207478 
0.101343 0.713661 0.00691747 0.178079 
0.0730312 0.771435 0.00581581 0.149718 
0.190911 0.504152 0.0114023 0.293534 
0.171463 0.603724 0.00512038 0.219693 
0.207432 0.538169 0.00260822 0.251791 
0.111888 0.25641 0.456876 0.174825 
0.0919834 0.263494 0.500798 0.143724 
0.074613 0.267169 0.541635 0.116583 
0.0598178 0.267739 0.578978 0.0934654 
0.0480101 0.322333 0.542138 0.0875184 
0.0380641 0.319446 0.573102 0.0693876 
0.0299506 0.314194 0.601258 0.0545974 
0.0236501 0.372149 0.553904 0.0502974 
0.0183793 0.433816 0.502202 0.0456027 
0.0140492 0.497416 0.447866 0.0406687 
0.0278311 0.246341 0.665406 0.0604224 
0.142132 0.278261 0.264603 0.315004 
0.187756 0.27085 0.147175 0.394218 
0.0429905 0.372099 0.404383 0.180528 
0.0369852 0.16006 0.608816 0.194138 
0.0704217 0.171429 0.434707 0.323442 
0.0581002 0.212152 0.418422 0.311326 
0.0130461 0.144523 0.828671 0.0137596 
0.00994101 0.137657 0.841918 0.0104847 
0.0075594 0.130847 0.853621 0.0079728 
0.014423 0.156031 0.814334 0.0152117 
0.208112 0.35581 0.134178 0.3019 
0.256045 0.322561 0.0695082 0.351885 
0.298995 0.277545 0.0341758 0.389284 
0.337205 0.230642 0.0162287 0.415925 
0.371363 0.187162 0.00752535 0.43395 
0.15142 0.457881 0.0368207 0.353878 
0.0731397 0.608213 0.0622487 0.256398 
0.0906676 0.376986 0.135042 0.397305 
0.041288 0.472094 0.215232 0.271386 
0.0415697 0.237658 0.379226 0.341547 
0.0164 0.257841 0.52364 0.202119 
0.030674 0.271269 0.367274 0.330782 
0.0245004 0.325009 0.342248 0.308243 
0.0262037 0.278083 0.366041 0.329672 
0.0102096 0.297956 0.499163 0.192672 
0.061743 0.477543 0.420195 0.0405188 
0.0469329 0.544495 0.372639 0.035933 
0.0350156 0.609354 0.324354 0.031277 
0.0256722 0.670136 0.277439 0.0267531 
0.0185257 0.725377 0.233574 0.0225232 
0.0472662 0.462681 0.446954 0.0430991 
0.0424045 0.207545 0.701718 0.0483326 
0.0508445 0.165903 0.701153 0.0820993 
0.0589811 0.128301 0.677798 0.13492 
0.0654994 0.0949869 0.627254 0.21226 
0.0535513 0.546805 0.220357 0.179286 
0.0214957 0.301798 0.54177 0.134937 
0.0266291 0.498494 0.335576 0.139301 
0.0200461 0.562892 0.294721 0.122342 
0.0148384 0.624993 0.254516 0.105652 
0.033631 0.354133 0.432642 0.179594 
0.0282065 0.148507 0.635004 0.188283 
0.0305558 0.10725 0.573243 0.28895 
0.134995 0.556853 0.140678 0.167474 
0.101516 0.628131 0.123422 0.146931 
0.0746923 0.693238 0.105945 0.126125 
0.176973 0.410634 0.188266 0.224127 
0.176025 0.544576 0.0936285 0.185771 
0.222055 0.506198 0.0497315 0.222016 
0.0673921 0.382239 0.421376 0.128993 
0.0582392 0.165163 0.637256 0.139342 
0.0649414 0.12278 0.592161 0.220118 
0.0682089 0.0859717 0.518296 0.327524 
0.114155 0.080934 0.325284 0.479627 
0.149196 0.0779412 0.179003 0.59386 
0.394511 0.209359 0.00208255 0.394047 
0.160126 0.509855 0.0101433 0.319876 
0.144054 0.611575 0.00456262 0.239808 
0.174866 0.547021 0.00233201 0.27578 
0.208129 0.479739 0.00116868 0.310963 
0.24294 0.412616 0.000574377 0.34387 
0.278286 0.348268 0.000277029 0.373169 
0.0753051 0.0474579 0.350337 0.5269 
0.0994846 0.0461971 0.194874 0.659444 
0.0435122 0.0681936 0.38355 0.504745 
0.0593267 0.0685105 0.22019 0.651973 
0.0343364 0.0986076 0.241463 0.625593 
0.00719129 0.123912 0.606853 0.262043 
0.00684955 0.177035 0.722519 0.0935965 
0.28201 0.280567 0.0398862 0.397537 
0.444308 0.0678462 0.0516923 0.436154 
0.189551 0.173668 0.264636 0.372145 
0.108029 0.362915 0.263939 0.265117 
0.146433 0.362476 0.150639 0.340451 
0.183161 0.334076 0.0793353 0.403428 
0.216778 0.291342 0.0395354 0.452344 
0.0648272 0.522752 0.141876 0.270545 
0.0710304 0.286387 0.272041 0.370542 
0.0300143 0.33279 0.402334 0.234862 
0.0344747 0.50966 0.231062 0.224803 
0.0259051 0.574456 0.202563 0.197076 
0.0552055 0.306051 0.323756 0.314987 
0.0584281 0.610071 0.193376 0.138125 
0.066811 0.3488 0.38696 0.197429 
0.0573398 0.149677 0.581182 0.211801 
0.060903 0.105985 0.514415 0.318697 
0.0231495 0.110785 0.684358 0.181707 
0.0250339 0.079869 0.616724 0.278373 
0.04595 0.0824626 0.424501 0.447087 
0.200627 0.206897 0.219436 0.373041 
0.251136 0.19083 0.115655 0.442379 
0.292175 0.163589 0.0566544 0.487582 
0.325185 0.134158 0.0265496 0.514107 
0.131285 0.324977 0.128624 0.415114 
0.134675 0.444491 0.0659727 0.354861 
0.163013 0.396438 0.0336231 0.406925 
0.190706 0.341735 0.0165621 0.450997 
0.217516 0.287204 0.00795386 0.487326 
0.0722442 0.572341 0.0317009 0.323714 
0.0644475 0.680764 0.0141398 0.240649 
0.0466049 0.738437 0.0119294 0.203028 
0.118759 0.470423 0.0227989 0.388019 
0.149927 0.144949 0.459151 0.245974 
0.104419 0.227143 0.435262 0.233176 
0.0722212 0.223434 0.645101 0.0592439 
0.0568272 0.219761 0.676796 0.046616 
0.0443775 0.21452 0.704699 0.0364034 
0.0344404 0.208106 0.729202 0.0282519 
0.026593 0.20086 0.750733 0.0218146 
0.0204489 0.193066 0.76971 0.0167745 
0.0156716 0.184952 0.78652 0.0128556 
0.0119776 0.176696 0.801501 0.00982539 
0.0224726 0.207199 0.751894 0.0184345 
0.017556 0.242802 0.734242 0.00540052 
0.0134482 0.232489 0.749926 0.00413691 
0.0250035 0.270158 0.697147 0.00769152 
0.0191663 0.310632 0.667991 0.00221095 
0.0147396 0.29861 0.68495 0.00170031 
0.0459375 0.180714 0.741049 0.0322998 
0.0553656 0.145202 0.744283 0.0551493 
0.0452258 0.177914 0.759967 0.0168934 
0.0652294 0.240568 0.685065 0.00913705 
0.0506244 0.233381 0.708904 0.00709125 
0.0907198 0.261389 0.635184 0.0127076 
0.0707892 0.305945 0.619547 0.00371844 
0.0551747 0.298076 0.643852 0.00289824 
0.0974308 0.328975 0.568476 0.00511788 
0.0747508 0.378594 0.545183 0.00147245 
0.0585649 0.370771 0.569511 0.00115362 
0.041744 0.653798 0.164541 0.139916 
0.109068 0.168715 0.386761 0.335456 
0.0158586 0.185517 0.68888 0.109744 
0.0132554 0.232597 0.719749 0.0343987 
0.0102116 0.223984 0.739304 0.0265 
0.00784044 0.214967 0.756846 0.0203465 
0.0144935 0.248361 0.699534 0.0376116 
0.0113625 0.292062 0.685518 0.0110574 
0.0295371 0.364017 0.439723 0.166723 
0.0238668 0.367671 0.473745 0.134717 
0.0185699 0.429105 0.430037 0.122288 
0.0142123 0.492618 0.383979 0.109191 
0.010698 0.55621 0.337203 0.095889 
0.00792273 0.61788 0.291348 0.0828495 
0.0057775 0.675866 0.24787 0.0704859 
0.00415351 0.728832 0.207896 0.0591186 
0.0107431 0.471281 0.403293 0.114683 
0.2 0.275 0.30625 0.21875 
0.0848806 0.320955 0.454907 0.139257 
0.0698309 0.132024 0.654937 0.143208 
0.077033 0.0970937 0.602071 0.223802 
0.139237 0.0987168 0.40809 0.353956 
0.193619 0.101148 0.238938 0.466295 
0.0420877 0.131922 0.623269 0.202721 
0.044936 0.0939 0.55454 0.306624 
0.0166184 0.0954978 0.717788 0.170095 
0.0180751 0.0692458 0.650588 0.262091 
0.0184875 0.0472172 0.554528 0.379767 
0.00695325 0.0488362 0.729962 0.214248 
0.00730897 0.0342231 0.639422 0.319046 
0.0544681 0.0459574 0.750638 0.148936 
0.0590997 0.0332436 0.678723 0.228934 
0.060853 0.0228199 0.582382 0.333945 
0.0228525 0.0235666 0.765468 0.188113 
0.0242352 0.0166617 0.676486 0.282617 
0.045335 0.0175319 0.474545 0.462588 
0.0389957 0.0188504 0.544251 0.397903 
0.0328764 0.0198655 0.611795 0.335463 
0.0271953 0.0205409 0.674769 0.277495 
0.0781747 0.236185 0.665028 0.0206125 
0.0634347 0.287477 0.629575 0.0195136 
0.0494916 0.280361 0.654923 0.0152245 
0.0384133 0.272005 0.677765 0.0118166 
0.0296874 0.262772 0.698408 0.00913237 
0.0228629 0.252958 0.717146 0.00703303 
0.04183 0.289258 0.656045 0.0128676 
0.0321622 0.333605 0.630522 0.00371011 
0.024863 0.322367 0.649901 0.00286811 
0.044866 0.363576 0.586383 0.00517558 
0.0338573 0.411549 0.553129 0.00146462 
0.0263018 0.399635 0.572925 0.00113778 
0.0601912 0.202309 0.537646 0.199854 
0.049173 0.247914 0.512432 0.190481 
0.0398876 0.251375 0.554225 0.154512 
0.0319718 0.251861 0.592318 0.123849 
0.0253663 0.249782 0.62659 0.0982615 
0.0199529 0.245596 0.65716 0.0772916 
0.0155827 0.239755 0.6843 0.0603627 
0.012098 0.232674 0.708364 0.0468641 
0.00934722 0.224712 0.729732 0.0362083 
0.00719337 0.216166 0.748776 0.0278649 
0.00551794 0.207272 0.765835 0.0213748 
0.0517684 0.238655 0.695927 0.0136499 
0.0402937 0.278634 0.677089 0.00398412 
0.0564849 0.305154 0.632776 0.00558506 
0.043208 0.35014 0.60505 0.0016021 
0.0335149 0.339489 0.625754 0.00124269 
0.0598678 0.379019 0.558893 0.00221983 
0.0326875 0.0377665 0.443537 0.486009 
0.0461885 0.0393219 0.263888 0.650602 
0.00985729 0.0335674 0.563173 0.393402 
0.00370105 0.0346591 0.740078 0.221562 
0.00386565 0.0241337 0.644161 0.327839 
0.00708176 0.0248694 0.442531 0.525518 
0.00998001 0.0258244 0.262585 0.70161 
0.0461841 0.267904 0.641713 0.0441996 
0.0360565 0.261445 0.667991 0.0345072 
0.0279936 0.253727 0.691489 0.0267908 
0.0216346 0.245113 0.712548 0.020705 
0.0166575 0.235904 0.731497 0.0159417 
0.0127858 0.226342 0.748636 0.0122364 
0.00978908 0.216615 0.764228 0.00936845 
0.00747888 0.206868 0.778496 0.00715752 
0.014027 0.242495 0.730054 0.0134243 
0.0108286 0.280801 0.704484 0.00388623 
0.00829758 0.268961 0.719763 0.00297789 
0.0889974 0.149379 0.672974 0.0886497 
0.0749434 0.188685 0.708377 0.027994 
0.115246 0.125935 0.672423 0.0863959 
0.0979088 0.160485 0.714082 0.0275245 
0.168004 0.172112 0.612654 0.0472299 
0.226063 0.308789 0.412188 0.0529598 
0.0249619 0.358377 0.506016 0.110645 
0.0203276 0.145921 0.721123 0.112629 
0.115064 0.572294 0.127176 0.185466 
0.085981 0.641463 0.11087 0.161686 
0.0629363 0.704307 0.0946805 0.138076 
0.0452471 0.759527 0.079414 0.115812 
0.0320379 0.806691 0.0656019 0.0956695 
0.090333 0.56863 0.138727 0.20231 
0.103794 0.326683 0.27895 0.290573 
0.112699 0.472945 0.15144 0.262917 
0.0863239 0.543393 0.135332 0.234951 
0.0647392 0.611282 0.118408 0.20557 
0.140571 0.331826 0.192829 0.334773 
0.0245473 0.169958 0.779605 0.0258898 
0.0297832 0.137473 0.788244 0.0445003 
0.0240578 0.166568 0.795894 0.0134797 
0.0445854 0.192934 0.737499 0.0249813 
0.035239 0.228734 0.728622 0.00740419 
0.0271057 0.219927 0.747272 0.00569528 
0.0498366 0.252724 0.686968 0.0104713 
0.0385864 0.29351 0.664863 0.00304032 
0.0297965 0.283311 0.684544 0.00234774 
0.0229378 0.272623 0.702632 0.00180733 
0.0259714 0.0327348 0.811944 0.12935 
0.0106929 0.0164725 0.812513 0.160321 
0.0227744 0.0131566 0.540797 0.423272 
0.0192424 0.0138952 0.609234 0.357628 
0.0159483 0.0143956 0.673251 0.296405 
0.012987 0.0146533 0.730991 0.241369 
0.0104119 0.0146847 0.781394 0.193509 
0.017244 0.0152004 0.647068 0.320487 
0.00614866 0.0149049 0.807533 0.171413 
0.099395 0.240237 0.634161 0.0262077 
0.0807971 0.292929 0.601419 0.0248546 
0.0645941 0.351278 0.560946 0.023182 
0.0506699 0.344444 0.586702 0.0181848 
0.039534 0.33593 0.610348 0.0141882 
0.0307077 0.326163 0.632109 0.0110206 
0.0237631 0.315501 0.652208 0.00852825 
0.0183318 0.304237 0.670852 0.00657903 
0.0141049 0.292609 0.688224 0.00506205 
0.0258256 0.334848 0.630058 0.00926845 
0.0525332 0.446942 0.383214 0.11731 
0.049914 0.21233 0.663739 0.0740175 
0.0391689 0.208276 0.694472 0.0580835 
0.0305158 0.20283 0.721402 0.0452519 
0.0236342 0.196362 0.744956 0.0350471 
0.0426697 0.221573 0.672482 0.0632749 
0.0507715 0.175763 0.666806 0.10666 
0.196755 0.425268 0.144978 0.233 
0.190944 0.550276 0.0703478 0.188432 
0.172013 0.594864 0.0633733 0.16975 
0.128725 0.667743 0.0553291 0.148203 
0.0941113 0.732285 0.0471932 0.12641 
0.0674596 0.78736 0.0394665 0.105714 
0.0475779 0.832964 0.0324741 0.0869841 
0.137742 0.602876 0.0705115 0.18887 
0.121442 0.708709 0.0310836 0.138766 
0.0878318 0.768852 0.0262278 0.117088 
0.058759 0.272679 0.612328 0.0562342 
0.0470914 0.3278 0.572529 0.0525792 
0.0369984 0.32193 0.599762 0.0413101 
0.0288959 0.314286 0.624555 0.0322634 
0.0224564 0.305308 0.647162 0.0250734 
0.0173805 0.295372 0.667841 0.0194059 
0.0134061 0.284788 0.686837 0.0149684 
0.0103113 0.273804 0.704371 0.0115129 
0.00791203 0.262619 0.720635 0.00883407 
0.00605883 0.251384 0.735793 0.00676491 
0.00463175 0.240216 0.74998 0.00517151 
0.00865862 0.280664 0.70101 0.00966767 
0.00661195 0.321483 0.669136 0.00276843 
0.269963 0.278259 0.0807646 0.371013 
0.313733 0.238275 0.0395196 0.408472 
0.351357 0.196627 0.0186354 0.433381 
0.134029 0.450032 0.0853038 0.330636 
0.127373 0.570246 0.0405339 0.261847 
0.156731 0.517027 0.0210006 0.305242 
0.187541 0.455857 0.0105806 0.346022 
0.219166 0.392537 0.00520623 0.38309 
0.250899 0.331116 0.00250949 0.415475 
0.282053 0.274276 0.00118783 0.442483 
0.0997738 0.582135 0.0050422 0.313048 
0.148091 0.152719 0.462977 0.236213 
0.241074 0.139841 0.282626 0.336459 
0.308331 0.131789 0.1522 0.40768 
0.0824232 0.211379 0.488236 0.217962 
0.030533 0.215335 0.633019 0.121113 
0.0349674 0.164406 0.60413 0.196496 
0.0377462 0.118314 0.543449 0.300491 
0.0138981 0.119799 0.700342 0.165961 
0.0152309 0.0875247 0.639586 0.257658 
0.0146083 0.12592 0.7668 0.092672 
0.0498305 0.739983 0.173095 0.0370917 
0.035466 0.790005 0.14373 0.0307993 
0.0974704 0.542788 0.296257 0.0634837 
0.0953517 0.707986 0.144909 0.0517532 
0.0687581 0.765793 0.121909 0.0435391 
0.178921 0.498184 0.237923 0.0849725 
0.173216 0.643064 0.115168 0.0685524 
0.198782 0.590382 0.132166 0.0786704 
0.177865 0.704345 0.0591296 0.0586603 
0.402142 0.398121 0.100266 0.0994706 
0.377246 0.497964 0.0470295 0.0777604 
0.347724 0.107593 0.0596184 0.485065 
0.226909 0.174602 0.0737134 0.524776 
0.0707182 0.326497 0.275682 0.327103 
0.0771633 0.475005 0.150403 0.297429 
0.0588072 0.543011 0.133729 0.264453 
0.0439559 0.608816 0.116616 0.230612 
0.0322664 0.670365 0.0998706 0.197498 
0.0763008 0.396305 0.177124 0.35027 
0.0746395 0.193838 0.303218 0.428304 
0.0322917 0.230619 0.45914 0.277949 
0.219297 0.306763 0.155816 0.318124 
0.38414 0.158401 0.00857858 0.44888 
0.164496 0.406983 0.0440822 0.384439 
0.0816503 0.555534 0.0765831 0.286233 
0.0742829 0.673876 0.0348364 0.217005 
0.0538707 0.733052 0.0294743 0.183603 
0.135714 0.461687 0.0556902 0.346908 
0.127046 0.576263 0.0260665 0.270625 
0.15512 0.518445 0.0134007 0.313035 
0.424636 0.142674 0.00737561 0.425315 
0.191293 0.385637 0.0398715 0.383198 
0.0972937 0.539382 0.0709766 0.292348 
0.113578 0.314828 0.144998 0.426597 
0.0534045 0.407091 0.238624 0.30088 
0.0508303 0.193734 0.397463 0.357972 
0.0202376 0.212117 0.553861 0.213784 
0.0378759 0.223307 0.38872 0.350097 
0.0542821 0.235814 0.234567 0.475337 
0.06985 0.223591 0.12709 0.579468 
0.0170556 0.327572 0.372388 0.282984 
0.013798 0.864425 0.0710367 0.0507405 
0.253382 0.293962 0.169746 0.28291 
0.313019 0.267585 0.088294 0.331102 
0.363536 0.228988 0.0431762 0.364299 
0.121821 0.460404 0.173621 0.244154 
0.118738 0.598336 0.0846132 0.198312 
0.0881944 0.666634 0.0733223 0.171849 
0.0641797 0.727672 0.06225 0.145898 
0.159568 0.452297 0.116078 0.272057 
0.0463055 0.773704 0.0432248 0.136766 
0.032682 0.81911 0.0355922 0.112616 
0.0937479 0.587402 0.076572 0.242278 
0.0967501 0.082707 0.292398 0.528145 
0.123855 0.0780153 0.157607 0.640523 
0.0247136 0.14448 0.495311 0.335495 
0.0205737 0.150347 0.549784 0.279295 
0.016852 0.153937 0.60044 0.228771 
0.0136053 0.15535 0.646348 0.184697 
0.0108471 0.154819 0.687081 0.147252 
0.00855628 0.152654 0.722636 0.116154 
0.0066896 0.149187 0.75331 0.0908134 
0.0764456 0.3991 0.464707 0.059748 
0.0656796 0.171447 0.698707 0.0641669 
0.076986 0.133974 0.682488 0.106552 
0.0868926 0.100809 0.641926 0.170372 
0.093393 0.0722336 0.574957 0.259417 
0.0346734 0.0737486 0.74711 0.144468 
0.0380568 0.0539634 0.683346 0.224634 
0.0395717 0.0374076 0.592122 0.330899 
0.205501 0.17881 0.281075 0.334614 
0.265984 0.170533 0.15318 0.410303 
0.0673729 0.259172 0.465598 0.207856 
0.0822675 0.421959 0.284266 0.211507 
0.0635954 0.489282 0.256371 0.190752 
0.0482089 0.556355 0.226735 0.168701 
0.0358675 0.620894 0.196806 0.146433 
0.0799686 0.346079 0.329092 0.24486 
0.183101 0.492161 0.0190819 0.305656 
0.217111 0.430006 0.0095269 0.343356 
0.251504 0.367038 0.00464675 0.376812 
0.285511 0.307018 0.00222108 0.40525 
0.318441 0.252316 0.00104305 0.4282 
0.349758 0.204201 0.000482372 0.445559 
0.141495 0.495659 0.00234174 0.360504 
0.134102 0.0518596 0.539026 0.275013 
0.112441 0.0543538 0.602613 0.230592 
0.0925852 0.0559444 0.661598 0.189872 
0.074997 0.056646 0.714555 0.153802 
0.0598852 0.0565398 0.760764 0.122811 
0.0472384 0.0557494 0.800137 0.0968756 
0.0368863 0.0544152 0.833053 0.0756457 
0.0285655 0.0526753 0.860178 0.0585816 
0.0519223 0.0598411 0.781755 0.106481 
0.0580704 0.0446179 0.728601 0.16871 
0.0621745 0.0318475 0.65008 0.255898 
0.221709 0.406467 0.169746 0.202079 
0.282747 0.381956 0.0911487 0.244148 
0.33908 0.337514 0.0460247 0.277381 
0.389776 0.285877 0.0222762 0.302071 
0.43503 0.235103 0.0104684 0.319398 
0.166674 0.540454 0.0481294 0.244743 
0.149444 0.646111 0.021577 0.182869 
0.110118 0.714129 0.0185488 0.157204 
0.261895 0.424607 0.0330863 0.280412 
0.242887 0.525054 0.0153425 0.216717 
0.0348964 0.323882 0.549618 0.0916031 
0.0426667 0.528 0.336 0.0933333 
0.0319468 0.593012 0.293511 0.0815308 
0.0235073 0.654532 0.251969 0.0699914 
0.0170229 0.710971 0.212875 0.0591318 
0.0121521 0.761309 0.177292 0.0492477 
0.00856739 0.8051 0.145825 0.040507 
0.0245068 0.575743 0.312848 0.0869022 
0.0253042 0.297238 0.565296 0.112162 
0.0296497 0.232188 0.551979 0.186183 
0.0384873 0.401861 0.358253 0.201399 
0.0297381 0.465762 0.322948 0.181552 
0.0225808 0.530495 0.286092 0.160832 
0.0460459 0.270441 0.437541 0.245972 
0.079737 0.263429 0.284131 0.372703 
0.0412431 0.103967 0.767491 0.0872993 
0.0321754 0.101386 0.798333 0.0681056 
0.024914 0.0981313 0.824219 0.0527355 
0.0191754 0.0944099 0.845826 0.0405885 
0.0146876 0.0903932 0.86383 0.0310893 
0.172397 0.225009 0.275097 0.327497 
0.225567 0.21693 0.151554 0.405949 
0.0542529 0.313053 0.437418 0.195276 
0.0959815 0.311534 0.290197 0.302288 
0.130747 0.312698 0.166446 0.390109 
0.0273273 0.392138 0.417463 0.163072 
0.0236028 0.169347 0.630992 0.176058 
0.0258876 0.123826 0.576727 0.273559 
0.578313 0.0909332 0.000678402 0.330076 
0.322682 0.304429 0.00454236 0.368346 
0.427441 0.167141 0.000950057 0.404468 
0.189921 0.445586 0.00506556 0.359427 
0.313192 0.288806 0.000131275 0.397871 
0.110149 0.609435 0.000554029 0.279861 
0.0952661 0.702788 0.000239585 0.201706 
0.0716728 0.326771 0.415891 0.185665 
0.0567191 0.387891 0.383973 0.171417 
0.0440875 0.45226 0.348204 0.155448 
0.0336527 0.517826 0.310089 0.138432 
0.0252333 0.582409 0.27126 0.121098 
0.0186004 0.643974 0.233282 0.104144 
0.0134959 0.700873 0.197473 0.0881577 
0.0334938 0.434853 0.367563 0.164091 
0.0304692 0.197792 0.585148 0.186591 
0.0333255 0.144222 0.533335 0.289117 
0.068982 0.355689 0.536527 0.0388024 
0.0535689 0.414322 0.520809 0.0112997 
0.041943 0.405504 0.543706 0.00884736 
0.0327013 0.395194 0.565207 0.00689792 
0.025405 0.383772 0.585464 0.00535886 
0.019677 0.371556 0.604616 0.00415062 
0.0152013 0.358804 0.622789 0.00320653 
0.0117177 0.345722 0.640088 0.0024717 
0.00901504 0.332478 0.656605 0.00190161 
0.00692406 0.319202 0.672413 0.00146054 
0.00531011 0.305998 0.687571 0.0011201 
0.0040669 0.292947 0.702128 0.000857862 
0.00311097 0.280111 0.716122 0.000656219 
0.00237708 0.26754 0.729581 0.000501415 
0.00444412 0.312616 0.682003 0.000937431 
0.0576675 0.0851779 0.572337 0.284818 
0.0475776 0.0878431 0.629595 0.234984 
0.0386236 0.0891391 0.681477 0.190761 
0.0162773 0.110057 0.816917 0.0567481 
0.0295806 0.125004 0.742288 0.103128 
0.0337067 0.0949603 0.704857 0.166476 
0.0298851 0.406811 0.533885 0.0294182 
0.0226662 0.462815 0.506152 0.008367 
0.0172084 0.52706 0.448321 0.00741102 
0.012847 0.590219 0.390479 0.00645486 
0.00943754 0.650372 0.334659 0.00553211 
0.00682947 0.705962 0.282538 0.00467053 
0.00487524 0.755929 0.235306 0.00388975 
0.0130614 0.50631 0.472813 0.00781588 
0.0118374 0.22943 0.749878 0.00885425 
0.00912918 0.265411 0.722899 0.00256071 
0.0169366 0.307746 0.670567 0.00475066 
0.0128449 0.350097 0.635707 0.00135111 
0.0233179 0.397217 0.577013 0.00245273 
0.0159207 0.117578 0.842714 0.0237877 
0.0121504 0.112167 0.857528 0.0181544 
0.0229611 0.132479 0.810253 0.0343071 
0.0274953 0.10576 0.808545 0.0581992 
0.0321869 0.0825375 0.788758 0.0965173 
0.169796 0.387067 0.15211 0.291027 
0.213644 0.35886 0.0805858 0.34691 
0.254142 0.314546 0.0403627 0.390949 
0.0745794 0.553832 0.142136 0.229452 
0.0840758 0.312177 0.28041 0.323337 
0.0923946 0.45742 0.154078 0.296108 
0.119244 0.434989 0.0837269 0.36204 
0.108597 0.488688 0.244344 0.158371 
0.0828062 0.558942 0.217366 0.140886 
0.0618335 0.626065 0.189365 0.122737 
0.0452977 0.687958 0.161845 0.104899 
0.0326249 0.743237 0.135994 0.0881442 
0.0231551 0.791253 0.112606 0.0729856 
0.0642907 0.549234 0.234491 0.151985 
0.0684492 0.29238 0.436902 0.202269 
0.0748895 0.21326 0.398341 0.313509 
0.121073 0.193936 0.241498 0.443492 
0.023882 0.229526 0.571633 0.17496 
0.00818371 0.216294 0.685591 0.089931 
0.00961536 0.169421 0.671273 0.14969 
0.0107552 0.126337 0.625708 0.237199 
0.0112923 0.0884308 0.547463 0.352814 
0.00418262 0.0900745 0.709722 0.196021 
0.0688145 0.425789 0.334654 0.170742 
0.0530514 0.492384 0.300996 0.153569 
0.0401311 0.5587 0.265639 0.13553 
0.0298104 0.622525 0.23021 0.117454 
0.021772 0.681992 0.196156 0.10008 
0.0525327 0.411386 0.354972 0.181108 
0.0475059 0.186011 0.56176 0.204723 
0.0510997 0.133388 0.503547 0.311965 
0.0192954 0.138512 0.665495 0.176698 
0.0210525 0.10075 0.60508 0.273118 
0.0387275 0.104251 0.417406 0.439615 
0.0547175 0.108533 0.248314 0.588435 
0.469171 0.149485 0.000811073 0.380533 
0.219559 0.419729 0.00455472 0.356157 
0.114116 0.599927 0.00828564 0.277671 
0.09927 0.695837 0.00360385 0.201289 
0.0718272 0.755214 0.00304217 0.169917 
0.184007 0.483677 0.00584509 0.326471 
0.16669 0.584209 0.00264749 0.246454 
0.200407 0.517543 0.00134022 0.280711 
0.116586 0.270517 0.531539 0.081358 
0.0942182 0.327923 0.501152 0.0767069 
0.075433 0.328178 0.534976 0.0614131 
0.0597022 0.389609 0.493981 0.056707 
0.0464036 0.454236 0.447939 0.0514215 
0.0354133 0.519981 0.398822 0.0457832 
0.0265449 0.584646 0.348771 0.0400375 
0.0571702 0.314791 0.563367 0.0646722 
0.0132347 0.232234 0.689882 0.0646495 
0.0106032 0.279087 0.690887 0.0194231 
0.00815587 0.268339 0.708565 0.0149401 
0.00625799 0.25737 0.724908 0.0114635 
0.0047918 0.246338 0.740092 0.00877771 
0.00366267 0.235364 0.754264 0.00670934 
0.00279537 0.224539 0.767545 0.00512061 
0.0052542 0.263779 0.721342 0.00962474 
0.226767 0.459501 0.0852863 0.228445 
0.27733 0.414075 0.043917 0.264678 
0.325628 0.358243 0.0217117 0.294417 
0.371019 0.300764 0.0104161 0.317801 
0.413118 0.246762 0.00488336 0.335237 
0.157512 0.564509 0.0223429 0.255636 
0.138852 0.663508 0.00984798 0.187792 
0.0693549 0.180205 0.370669 0.379771 
0.0965957 0.184936 0.217372 0.501096 
0.120879 0.170525 0.114533 0.594063 
0.0326122 0.276038 0.370803 0.320547 
0.0382239 0.431384 0.217305 0.313088 
0.0293108 0.496189 0.194405 0.280095 
0.0220851 0.560802 0.170894 0.24622 
0.0163603 0.62315 0.147695 0.212795 
0.0119274 0.681457 0.125622 0.180994 
0.21859 0.336401 0.0405778 0.404431 
0.252211 0.286 0.0197133 0.442076 
0.283365 0.236768 0.00932561 0.470541 
0.102782 0.51528 0.0405908 0.341348 
0.0939012 0.627678 0.0185418 0.259879 
0.0690327 0.692169 0.0159032 0.222896 
0.163906 0.410857 0.0283193 0.396918 
0.0824368 0.568265 0.0498515 0.299447 
0.0244248 0.116888 0.74269 0.115997 
0.0275803 0.0879929 0.698867 0.185559 
0.0296082 0.0629753 0.625212 0.282205 
0.0105205 0.0615356 0.777533 0.150411 
0.0115284 0.0449541 0.710021 0.233496 
0.0539179 0.750638 0.0892243 0.106219 
0.138906 0.483459 0.172398 0.205236 
0.133468 0.619374 0.0828243 0.164334 
0.0988006 0.687745 0.0715299 0.141924 
0.186822 0.03549 0.263486 0.514202 
0.0407019 0.0463921 0.688853 0.224053 
0.0780981 0.0500718 0.49566 0.37617 
0.066312 0.053144 0.561143 0.319401 
0.0552446 0.0553429 0.623319 0.266093 
0.0452228 0.0566291 0.680326 0.217822 
0.0364426 0.0570429 0.730984 0.175531 
0.0289705 0.0566837 0.774805 0.13954 
0.0227677 0.0556841 0.811885 0.109664 
0.00913387 0.16843 0.814943 0.00749262 
0.0172543 0.198858 0.769734 0.0141539 
0.0685207 0.119242 0.595294 0.216944 
0.0720186 0.0835529 0.521402 0.323026 
0.120596 0.0786993 0.327409 0.473296 
0.0220536 0.0863515 0.718489 0.173105 
0.023878 0.06233 0.648272 0.26552 
0.0446844 0.0656111 0.454932 0.434773 
0.154242 0.500068 0.132594 0.213097 
0.144845 0.626136 0.0622578 0.166762 
0.107194 0.695069 0.0537538 0.143983 
0.0776493 0.755241 0.0454278 0.121682 
0.0552478 0.806036 0.0377091 0.101007 
0.153129 0.558516 0.0783879 0.209968 
0.137708 0.669693 0.0352469 0.157352 
0.100741 0.734879 0.0300826 0.134297 
0.247068 0.450574 0.0553334 0.247024 
0.22848 0.555568 0.0255853 0.190366 
0.275621 0.493827 0.0129954 0.217557 
0.0058848 0.12621 0.724876 0.143029 
0.00656264 0.0938317 0.673642 0.225964 
0.0128761 0.103556 0.495639 0.387928 
0.0108102 0.108677 0.554824 0.325689 
0.00891852 0.112074 0.610312 0.268695 
0.011338 0.183986 0.800192 0.00448427 
0.00863698 0.175194 0.812753 0.00341599 
0.0163602 0.207409 0.76976 0.00647059 
0.0126617 0.240781 0.744679 0.00187793 
0.0096771 0.23003 0.758858 0.00143526 
0.0181114 0.269074 0.710129 0.0026862 
0.0138214 0.308008 0.677402 0.000768721 
0.010609 0.295524 0.693277 0.000590052 
0.0195542 0.340441 0.638918 0.00108757 
0.3026 0.234043 0.173759 0.289598 
0.367872 0.209651 0.0889427 0.333535 
0.42005 0.17639 0.0427613 0.360799 
0.154821 0.390082 0.189131 0.265965 
0.156206 0.524762 0.0954113 0.22362 
0.196511 0.486436 0.0505388 0.266513 
0.237131 0.432515 0.0256781 0.304676 
0.277256 0.372622 0.0126413 0.337481 
0.316191 0.313121 0.00607011 0.364618 
0.105503 0.62687 0.0243048 0.243323 
0.1378 0.409385 0.0555539 0.397262 
0.432415 0.217608 0.000227188 0.34975 
0.467883 0.173494 0.000103504 0.358519 
0.210084 0.467402 0.000557692 0.321957 
0.190662 0.56559 0.000253068 0.243494 
0.227467 0.497198 0.000127124 0.275208 
0.266167 0.428688 6.26326e-05 0.305082 
0.170144 0.232751 0.147395 0.44971 
0.0850443 0.319928 0.257856 0.337172 
0.0358368 0.370739 0.380303 0.213121 
0.0310776 0.160752 0.577147 0.231023 
0.0575431 0.167427 0.40074 0.37429 
0.0817102 0.175179 0.239597 0.503513 
0.0162932 0.209587 0.573316 0.200804 
0.00561744 0.198714 0.691821 0.103847 
0.00651881 0.153733 0.669025 0.170723 
0.00717626 0.112825 0.613749 0.26625 
0.00250485 0.108299 0.749796 0.139401 
0.00279242 0.0804879 0.696563 0.220156 
0.0188226 0.0797401 0.425674 0.475764 
0.0266032 0.0830433 0.253318 0.637035 
0.00549793 0.102973 0.628224 0.263305 
0.00566399 0.0707219 0.539332 0.384282 
0.00212594 0.0729985 0.708519 0.216356 
0.00224319 0.0513498 0.622997 0.32341 
0.000798555 0.0502702 0.776235 0.172696 
0.000862531 0.0361984 0.698686 0.264253 
0.000878706 0.0245848 0.593157 0.381379 
0.000323457 0.024887 0.764207 0.210582 
0.000339738 0.0174264 0.668893 0.313341 
0.000634846 0.018317 0.468719 0.512329 
0.0242496 0.824827 0.0627212 0.0882017 
0.070565 0.600051 0.136887 0.192497 
0.0829432 0.352655 0.281573 0.28283 
0.0431063 0.141314 0.772642 0.042938 
0.0511944 0.111886 0.764678 0.0722421 
0.0591597 0.0861958 0.736378 0.118266 
0.0658929 0.0640041 0.68349 0.186613 
0.0699125 0.0452723 0.60432 0.280495 
0.0253304 0.210456 0.754196 0.0100184 
0.019425 0.201738 0.771154 0.00768273 
0.0148567 0.192869 0.786399 0.00587596 
0.0277969 0.225535 0.735674 0.0109939 
0.0215511 0.262288 0.712965 0.00319636 
0.0165367 0.251575 0.729435 0.00245265 
0.0305702 0.290668 0.674227 0.00453403 
0.0233172 0.332558 0.642828 0.00129686 
0.0179721 0.320404 0.660624 0.000999575 
0.032704 0.364403 0.601074 0.00181894 
0.0245649 0.410569 0.564354 0.000512346 
0.0190313 0.397604 0.582968 0.000396934 
0.0376769 0.222326 0.70909 0.0309068 
0.0459145 0.180623 0.720104 0.0533577 
0.037118 0.219028 0.727678 0.0161757 
0.0669969 0.247087 0.656719 0.0291966 
0.0527752 0.291956 0.646645 0.00862462 
0.0420456 0.348898 0.60104 0.00801636 
0.032655 0.338717 0.622402 0.00622596 
0.0581277 0.376835 0.553955 0.0110825 
0.0738899 0.319346 0.586806 0.0199576 
0.0650953 0.113813 0.729234 0.0918581 
0.0740731 0.0863398 0.691507 0.14808 
0.0807188 0.062724 0.627956 0.228601 
0.0832425 0.0431234 0.539658 0.333976 
0.041067 0.181974 0.733646 0.0433129 
0.0491753 0.145269 0.732081 0.0734749 
0.0571688 0.112588 0.709234 0.121009 
0.0638982 0.0838941 0.660599 0.191609 
0.0678489 0.0593874 0.584535 0.288229 
0.0250422 0.0602778 0.755107 0.159573 
0.0272037 0.0436537 0.683569 0.245573 
0.0520173 0.046953 0.490155 0.410874 
0.0442654 0.0499448 0.556146 0.349644 
0.0369535 0.0521184 0.61904 0.291888 
0.117886 0.560441 0.00463365 0.317039 
0.104172 0.660319 0.00204728 0.233462 
0.0760703 0.723288 0.00174418 0.198897 
0.210366 0.158891 0.447392 0.183351 
0.176948 0.167064 0.501763 0.154225 
0.146357 0.172726 0.553355 0.127562 
0.121979 0.215935 0.538052 0.124034 
0.0989021 0.218853 0.581677 0.100568 
0.100046 0.192431 0.435399 0.272124 
0.0824012 0.237738 0.418376 0.261485 
0.0786611 0.272336 0.399386 0.249616 
0.0632153 0.328292 0.374457 0.234036 
0.0499504 0.389106 0.345196 0.215748 
0.0387801 0.453136 0.312667 0.195417 
0.0295749 0.518364 0.278192 0.17387 
0.0221614 0.582638 0.2432 0.152 
0.0163289 0.643948 0.20906 0.130663 
0.037789 0.372562 0.362861 0.226788 
0.0330739 0.163038 0.555774 0.248114 
0.044992 0.295718 0.378023 0.281267 
0.0496229 0.190637 0.741205 0.0185359 
0.0391029 0.225333 0.730087 0.00547736 
0.0710371 0.255847 0.663165 0.00995058 
0.0878807 0.211007 0.683673 0.0174391 
0.0694422 0.250103 0.675287 0.00516756 
0.122135 0.274927 0.593849 0.00908873 
0.0617922 0.233361 0.654158 0.0506889 
0.0740641 0.186471 0.653394 0.0860705 
0.0856423 0.143748 0.629615 0.140995 
0.120689 0.270098 0.443635 0.165578 
0.114504 0.307506 0.420898 0.157092 
0.0940735 0.315798 0.461065 0.129063 
0.0748841 0.377072 0.428185 0.119859 
0.0585089 0.441923 0.390311 0.109257 
0.303801 0.141003 0.0607691 0.494427 
0.105931 0.294996 0.254272 0.3448 
0.0455752 0.349021 0.382887 0.222516 
0.0390103 0.149373 0.573536 0.238081 
0.0138616 0.145962 0.713281 0.126896 
0.0156568 0.10991 0.671382 0.203051 
0.0167261 0.0782776 0.597695 0.307301 
0.00600604 0.0772973 0.751177 0.16552 
0.00654249 0.0561343 0.681893 0.25543 
0.0126467 0.0610357 0.494288 0.43203 
0.0107173 0.0646552 0.558507 0.36612 
0.00891376 0.0672185 0.61936 0.304508 
0.557142 0.0680708 0.0027649 0.372022 
0.319684 0.234351 0.0190377 0.426927 
0.125561 0.599998 0.0348944 0.239546 
0.109888 0.700138 0.0152694 0.174704 
0.0795292 0.760066 0.0128927 0.147512 
0.0565333 0.810439 0.0106923 0.122335 
0.039606 0.851665 0.00873923 0.0999897 
0.11186 0.143435 0.409185 0.33552 
0.0417007 0.220571 0.66737 0.0703574 
0.0326399 0.215807 0.696484 0.05507 
0.0253787 0.209747 0.722055 0.0428189 
0.0452934 0.23396 0.644327 0.0764191 
0.169511 0.0889118 0.445067 0.296511 
0.241013 0.0931488 0.266443 0.399395 
0.105249 0.154539 0.400041 0.340171 
0.148274 0.160421 0.237295 0.454009 
0.0269982 0.26289 0.648112 0.0620005 
0.0210634 0.256376 0.67419 0.0483714 
0.130306 0.349942 0.443401 0.076351 
0.105486 0.35411 0.478595 0.0618084 
0.0832487 0.41919 0.440653 0.0569083 
0.0644079 0.48648 0.397745 0.051367 
0.0488645 0.553618 0.352052 0.0454659 
0.0363829 0.618309 0.305814 0.0394945 
0.0808615 0.34355 0.509756 0.0658327 
0.0642743 0.409616 0.506487 0.0196231 
0.049729 0.475379 0.45718 0.0177128 
0.0377639 0.5415 0.405043 0.0156928 
0.0772757 0.277016 0.621625 0.024084 
0.158217 0.594225 0.0092568 0.238301 
0.137135 0.68673 0.00401168 0.172123 
0.0999003 0.750404 0.0034095 0.146287 
0.249892 0.469268 0.00639645 0.274443 
0.22564 0.564966 0.00288783 0.206506 
0.269008 0.496303 0.00144963 0.23324 
0.314159 0.427077 0.000712818 0.258051 
0.0523446 0.263904 0.561069 0.122683 
0.0417755 0.263272 0.597041 0.0979112 
0.0334884 0.31657 0.558372 0.0915698 
0.0264394 0.374902 0.514314 0.0843444 
0.0205398 0.436872 0.466143 0.0764448 
0.0156928 0.500668 0.4155 0.0681395 
0.0117908 0.564264 0.364216 0.0597293 
0.00871589 0.625667 0.314105 0.0515114 
0.00634451 0.683157 0.266752 0.0437458 
0.00455349 0.735459 0.223358 0.0366294 
0.0118763 0.479553 0.436919 0.0716521 
0.0107398 0.21683 0.691436 0.0809939 
0.0126913 0.17082 0.680897 0.135591 
0.0143231 0.128522 0.64037 0.216785 
0.0152251 0.0910771 0.567246 0.326452 
0.146621 0.189003 0.561283 0.103093 
0.191617 0.329341 0.366766 0.112275 
0.179775 0.370787 0.344101 0.105337 
0.142645 0.441308 0.318536 0.0975111 
0.156454 0.387223 0.349373 0.106951 
0.167051 0.551268 0.186518 0.0951625 
0.150462 0.595829 0.167996 0.0857124 
0.112268 0.666874 0.146244 0.0746141 
0.0819329 0.730023 0.124516 0.0635286 
0.202068 0.450107 0.230317 0.117509 
0.199025 0.591103 0.113424 0.0964488 
0.149583 0.666392 0.0994549 0.0845705 
0.329333 0.366794 0.164226 0.139648 
0.323867 0.480942 0.0807499 0.114441 
0.11669 0.675789 0.0620623 0.145458 
0.0850212 0.738577 0.0527555 0.123646 
0.0607863 0.792075 0.0440042 0.103135 
0.0427904 0.836369 0.0361394 0.0847017 
0.124931 0.610464 0.0791343 0.185471 
0.110264 0.718399 0.0349222 0.136415 
0.0794552 0.776504 0.0293586 0.114682 
0.20821 0.508701 0.0576998 0.22539 
0.188741 0.614845 0.0261523 0.170262 
0.140835 0.688178 0.0227667 0.148221 
0.24 0.22 0.315 0.225 
0.105033 0.26477 0.482495 0.147702 
0.0904913 0.34217 0.519618 0.04772 
0.0718899 0.339792 0.550407 0.0379107 
0.0566769 0.334858 0.578576 0.0298882 
0.0443977 0.327888 0.604302 0.0234128 
0.0349984 0.387708 0.555761 0.0215322 
0.027296 0.377977 0.577934 0.0167934 
0.0212067 0.367071 0.598675 0.0130471 
0.016497 0.428325 0.543337 0.0118411 
0.012625 0.49169 0.485113 0.0105722 
0.0095035 0.55518 0.426032 0.00928463 
0.00703888 0.616802 0.368136 0.0080229 
0.0158763 0.347801 0.622751 0.0135718 
0.146705 0.139255 0.433238 0.280802 
0.210253 0.147056 0.261433 0.381257 
0.266184 0.137182 0.13936 0.457274 
0.0724086 0.223901 0.454911 0.248779 
0.123432 0.214693 0.290801 0.371074 
0.163354 0.209359 0.162044 0.465243 
0.0380377 0.292502 0.452792 0.216668 
0.0304909 0.117234 0.635174 0.217101 
0.0322478 0.0826597 0.559811 0.325281 
0.0119135 0.0839782 0.723852 0.180256 
0.012859 0.0604286 0.651083 0.275629 
0.0241628 0.0638712 0.458783 0.453183 
0.0348304 0.0678406 0.278454 0.618875 
0.00673711 0.0112755 0.493759 0.488228 
0.00268944 0.00825211 0.574897 0.414161 
0.00101154 0.00853529 0.756795 0.233658 
0.00104457 0.00587599 0.651255 0.341824 
0.0019073 0.00603514 0.445929 0.546128 
0.00163246 0.00774821 0.445283 0.545336 
0.00139649 0.0099423 0.444403 0.544258 
0.163474 0.310345 0.275862 0.250319 
0.0953735 0.640476 0.0354091 0.228741 
0.0699084 0.7042 0.0302805 0.195611 
0.0503029 0.760065 0.0254199 0.164212 
0.0356344 0.807642 0.0210086 0.135715 
0.100354 0.568622 0.0443735 0.286651 
0.122289 0.346454 0.0946265 0.436631 
0.0593295 0.462235 0.160682 0.317754 
0.0612382 0.238553 0.290239 0.40997 
0.0260805 0.279389 0.43263 0.261901 
0.045386 0.273489 0.282328 0.398797 
0.0610366 0.271008 0.159867 0.508088 
0.0230492 0.169028 0.705882 0.102041 
0.0265383 0.129743 0.677279 0.16644 
0.02906 0.0947142 0.61803 0.258196 
0.0102327 0.0917151 0.761677 0.136375 
0.0113784 0.0679897 0.705802 0.21483 
0.0119872 0.0477515 0.619636 0.320625 
0.00429192 0.0470168 0.776495 0.172196 
0.0046316 0.0338253 0.698292 0.263251 
0.00471635 0.0229628 0.592558 0.379763 
0.00173941 0.0232892 0.764884 0.210088 
0.00182655 0.016304 0.669335 0.312534 
0.0018027 0.0107274 0.550495 0.436975 
0.000689765 0.0112876 0.737224 0.250799 
0.000705378 0.00769542 0.628259 0.36334 
0.000255037 0.0076515 0.795039 0.197055 
0.000269297 0.00538621 0.699576 0.294769 
0.000514354 0.00578678 0.501069 0.49263 
0.0205791 0.70919 0.137271 0.13296 
0.0513771 0.442636 0.25703 0.248957 
0.0497025 0.214104 0.435141 0.301053 
0.0190208 0.225324 0.582839 0.172816 
0.0211399 0.166951 0.539811 0.272098 
0.00761046 0.165284 0.68017 0.146935 
0.00852458 0.123425 0.63489 0.233161 
0.0907087 0.311811 0.432126 0.165354 
0.07423 0.318957 0.471498 0.135315 
0.058884 0.379526 0.43636 0.125231 
0.0458826 0.443592 0.396682 0.113844 
0.0351084 0.509141 0.354121 0.101629 
0.0263868 0.573991 0.310509 0.089113 
0.0194938 0.636072 0.267628 0.0768065 
0.0141728 0.693674 0.227005 0.0651482 
0.0348477 0.426397 0.418617 0.120139 
0.0308169 0.188538 0.647842 0.132803 
0.0348404 0.142103 0.610355 0.212701 
0.0319431 0.195428 0.699498 0.07313 
0.0249162 0.190547 0.727494 0.0570426 
0.0512821 0.315843 0.365438 0.267437 
0.0405905 0.374992 0.337458 0.24696 
0.0315905 0.437768 0.306406 0.224235 
0.0241642 0.502287 0.273439 0.20011 
0.0181676 0.56646 0.239847 0.175526 
0.013433 0.628256 0.206898 0.151413 
0.00977769 0.685945 0.175697 0.12858 
0.00701571 0.738271 0.147078 0.107635 
0.0183361 0.482381 0.288299 0.210984 
0.0338854 0.0587259 0.551751 0.355638 
0.0282709 0.0612444 0.613773 0.296711 
0.0231747 0.0627554 0.670844 0.243226 
0.0186998 0.0632971 0.721743 0.19626 
0.0148836 0.0629744 0.765935 0.156207 
0.0117096 0.0619312 0.803463 0.122896 
0.00912458 0.060324 0.834786 0.0957653 
0.0162943 0.0673276 0.745364 0.171014 
0.0176234 0.0485462 0.6718 0.26203 
0.013083 0.0906954 0.81803 0.0781915 
0.0134608 0.0285127 0.532729 0.425297 
0.0113622 0.0300842 0.599563 0.35899 
0.00941063 0.0311463 0.662112 0.297331 
0.00766032 0.0316916 0.718619 0.24203 
0.00614072 0.0317561 0.768086 0.194018 
0.00485829 0.0314051 0.810238 0.153499 
0.00833177 0.0336616 0.694762 0.263244 
0.144181 0.0740001 0.1427 0.639119 
0.0402873 0.124063 0.478482 0.357168 
0.0669196 0.115918 0.298045 0.519117 
0.0869514 0.110981 0.163058 0.63901 
0.0218057 0.166991 0.4907 0.320502 
0.00813878 0.171402 0.641023 0.179437 
0.00893592 0.12546 0.586505 0.279099 
0.00316275 0.122113 0.726549 0.148175 
0.00351438 0.0904598 0.672773 0.233253 
0.00368034 0.0631544 0.587119 0.346046 
0.00133765 0.0631236 0.746878 0.188661 
0.00143358 0.0451001 0.667031 0.286435 
0.00144348 0.0302744 0.559697 0.408585 
0.0592895 0.180413 0.487985 0.272313 
0.0490903 0.186721 0.53872 0.225469 
0.0400328 0.190337 0.585762 0.183868 
0.00816429 0.0518808 0.598606 0.341349 
0.00296024 0.0517307 0.759657 0.185652 
0.00317112 0.0369438 0.678143 0.281742 
0.0116272 0.81948 0.149652 0.0192409 
0.00808631 0.854879 0.121424 0.0156116 
0.024913 0.658445 0.280569 0.0360731 
0.0279851 0.369821 0.551542 0.0506518 
0.0268132 0.0567671 0.290257 0.626163 
0.00525458 0.0667479 0.682579 0.245418 
0.0102327 0.073116 0.498468 0.418184 
0.00863932 0.0771634 0.561131 0.353066 
0.00716163 0.0799565 0.620205 0.292677 
0.00583801 0.0814736 0.674104 0.238584 
0.0046889 0.0817962 0.721892 0.191623 
0.0213718 0.378807 0.581788 0.0180325 
0.0165849 0.367451 0.60197 0.0139935 
0.0128315 0.355363 0.620979 0.0108265 
0.00990208 0.342794 0.638949 0.00835488 
0.00762472 0.329944 0.655998 0.00643336 
0.00585998 0.316973 0.672222 0.00494435 
0.0044962 0.304006 0.687704 0.00379367 
0.00344474 0.291141 0.702508 0.0029065 
0.0026357 0.278454 0.716687 0.00222387 
0.00201428 0.266003 0.730283 0.00169955 
0.0015377 0.253833 0.743332 0.00129743 
0.00117271 0.241979 0.755859 0.000989475 
0.00089353 0.230465 0.767887 0.000753916 
0.000680225 0.219311 0.779435 0.00057394 
0.00128821 0.259581 0.738044 0.00108692 
0.000980652 0.29641 0.702299 0.000310284 
0.000749618 0.283223 0.71579 0.000237184 
0.096287 0.377014 0.28465 0.242049 
0.0887035 0.173661 0.458904 0.278732 
0.0342414 0.184351 0.620013 0.161395 
0.0379422 0.136184 0.57252 0.253354 
0.06887 0.139045 0.389699 0.402386 
0.0205287 0.381063 0.524127 0.074281 
0.0168112 0.156029 0.751123 0.0760369 
0.0137992 0.19211 0.770685 0.0234052 
0.0105747 0.184025 0.787465 0.0179361 
0.0196827 0.214078 0.732854 0.0333844 
0.0239914 0.173961 0.7444 0.0576476 
0.057611 0.108921 0.510727 0.322741 
0.0219153 0.113943 0.679985 0.184157 
0.0236815 0.0820835 0.612321 0.281914 
0.0239679 0.0553842 0.516439 0.404208 
0.00925358 0.0588028 0.697857 0.234086 
0.00962285 0.0407663 0.604755 0.344856 
0.00349204 0.0406826 0.768108 0.187717 
0.00372827 0.0289565 0.683392 0.283923 
0.0365244 0.0624402 0.745876 0.155159 
0.0445021 0.411129 0.380549 0.16382 
0.0343303 0.475736 0.342495 0.147439 
0.0260172 0.540804 0.302819 0.130359 
0.0193783 0.604206 0.263138 0.113277 
0.0141982 0.664041 0.224931 0.0968295 
0.0102466 0.718842 0.189384 0.081527 
0.00729518 0.76768 0.157306 0.067718 
0.118362 0.125875 0.404726 0.351038 
0.165753 0.129887 0.238642 0.465718 
0.20638 0.119164 0.125109 0.549347 
0.0586079 0.203041 0.426343 0.312008 
0.0227411 0.216656 0.579004 0.181598 
0.0250743 0.159257 0.532009 0.28366 
0.0445875 0.159296 0.35476 0.441357 
0.0611237 0.160907 0.20477 0.573199 
0.0132011 0.20851 0.530698 0.247591 
0.0139663 0.147064 0.467884 0.371085 
0.00534571 0.154798 0.626803 0.213054 
0.00485558 0.210907 0.711667 0.07257 
0.00376417 0.204376 0.735602 0.056258 
0.0747602 0.390301 0.463929 0.0710096 
0.0582105 0.45585 0.421434 0.0645052 
0.0444724 0.522398 0.375634 0.057495 
0.0333529 0.587674 0.328667 0.0503061 
0.0245784 0.649603 0.282568 0.0432502 
0.0569812 0.376501 0.491317 0.0752015 
0.0656989 0.578803 0.283242 0.0722557 
0.147949 0.257466 0.321338 0.273247 
0.0618896 0.296182 0.470473 0.171455 
0.0741269 0.472993 0.281749 0.171131 
0.0565001 0.540779 0.250544 0.152177 
0.027409 0.127195 0.75546 0.0899358 
0.0387238 0.0404594 0.284451 0.636366 
0.00779524 0.0488677 0.687132 0.256205 
0.00798741 0.0333816 0.586726 0.371905 
0.0029461 0.0338595 0.757433 0.205761 
0.00310701 0.0238059 0.66567 0.307417 
0.00580626 0.0250243 0.466492 0.502678 
0.00499784 0.0269251 0.535388 0.432689 
0.146943 0.0929877 0.361619 0.39845 
0.197187 0.0919447 0.204322 0.506547 
0.23733 0.0815413 0.103544 0.577584 
0.0759633 0.156595 0.397702 0.369739 
0.0558585 0.118749 0.319862 0.505531 
0.0737932 0.115593 0.17792 0.632694 
0.0177056 0.166409 0.512273 0.303612 
0.0311131 0.164487 0.337571 0.46683 
0.0422326 0.164516 0.192932 0.600319 
0.00929177 0.217176 0.509375 0.264157 
0.00975229 0.15196 0.445517 0.392771 
0.00378567 0.162217 0.605297 0.2287 
0.00725041 0.174759 0.43473 0.38326 
0.0106287 0.18877 0.268333 0.532269 
0.00195821 0.20867 0.593244 0.196128 
0.00214412 0.152322 0.541307 0.304227 
0.00384932 0.153822 0.364426 0.477903 
0.119608 0.277527 0.534185 0.0686809 
0.146943 0.454606 0.328135 0.0703147 
0.17196 0.567469 0.192 0.0685714 
0.12957 0.64137 0.168781 0.0602789 
0.0487483 0.814402 0.100837 0.0360132 
0.137324 0.573544 0.213044 0.0760871 
0.153946 0.321482 0.417952 0.10662 
0.174856 0.486864 0.237361 0.100919 
0.134524 0.561848 0.213047 0.0905813 
0.10103 0.632935 0.186669 0.079366 
0.0527137 0.206402 0.667867 0.0730175 
0.0322299 0.197183 0.725943 0.0446439 
0.0572381 0.218865 0.644613 0.0792845 
0.0468768 0.268868 0.659905 0.0243496 
0.0823524 0.295215 0.579656 0.0427771 
0.0650603 0.34984 0.572427 0.0126731 
0.220059 0.340404 0.200658 0.238879 
0.22609 0.46631 0.103079 0.204521 
0.280215 0.425852 0.0537917 0.240141 
0.331948 0.371717 0.0268306 0.269504 
0.380473 0.313936 0.0129485 0.292643 
0.126624 0.626878 0.0517122 0.194786 
0.163588 0.404938 0.116914 0.31456 
0.169722 0.210061 0.212272 0.407945 
0.0429528 0.672731 0.165851 0.118465 
0.273504 0.0384615 0.314103 0.373932 
0.346933 0.0359486 0.16776 0.449358 
0.398881 0.0304547 0.0812127 0.489451 
0.157346 0.0720804 0.384429 0.386145 
0.0690026 0.0869282 0.590058 0.254011 
0.0250529 0.0867933 0.749817 0.138336 
0.0277214 0.0640253 0.691403 0.216851 
0.00940034 0.0597053 0.820593 0.110301 
0.0105706 0.0447587 0.768958 0.175713 
0.0113646 0.0320805 0.68893 0.267625 
0.011526 0.0216907 0.582263 0.38452 
0.00429134 0.0222086 0.758754 0.214746 
0.00449065 0.0154934 0.661663 0.318353 
0.00831775 0.0161423 0.459583 0.515957 
0.00718764 0.0174364 0.529521 0.445855 
0.141786 0.219325 0.554081 0.0848083 
0.114387 0.221178 0.596015 0.06842 
0.093658 0.271645 0.569339 0.0653578 
0.0744682 0.269984 0.603582 0.0519665 
0.0598499 0.325478 0.565946 0.0487262 
0.0471252 0.320347 0.594161 0.0383666 
0.0368701 0.313294 0.619818 0.0300175 
0.0286943 0.304778 0.643167 0.0233612 
0.0222336 0.295194 0.664471 0.0181013 
0.017165 0.284872 0.683988 0.0139747 
0.0132118 0.274082 0.70195 0.0107563 
0.0410092 0.261674 0.65439 0.0429265 
0.0319499 0.254834 0.679772 0.0334436 
0.0247616 0.246875 0.702444 0.0259193 
0.0191081 0.238137 0.722753 0.0200015 
0.0146934 0.228898 0.741028 0.0153804 
0.011266 0.21938 0.757561 0.0117927 
0.0209035 0.254406 0.70281 0.0218808 
0.0162139 0.295998 0.681424 0.00636449 
0.0124613 0.284364 0.698284 0.00489147 
0.0228975 0.326571 0.641543 0.008988 
0.0752794 0.5693 0.235346 0.120074 
0.0560161 0.635433 0.204311 0.10424 
0.0409133 0.696166 0.174096 0.0888246 
0.0293938 0.750231 0.145924 0.0744511 
0.0769002 0.49069 0.286326 0.146085 
0.0764476 0.243901 0.498121 0.181531 
0.0276694 0.242763 0.631013 0.0985548 
0.0369424 0.432161 0.421244 0.109653 
0.0283178 0.496903 0.376717 0.0980625 
0.0213304 0.561438 0.331055 0.0861764 
0.00573876 0.124167 0.864042 0.0060526 
0.00435066 0.117666 0.873395 0.00458859 
0.0083799 0.14165 0.841132 0.00883818 
0.0227867 0.856656 0.0289518 0.0916053 
0.0696057 0.654199 0.0663284 0.209867 
0.0898006 0.422002 0.149752 0.338446 
0.0889658 0.557438 0.0741799 0.279416 
0.0665089 0.625093 0.0646978 0.2437 
0.0487621 0.687446 0.05534 0.208452 
0.207278 0.360713 0.162004 0.270006 
0.260049 0.333455 0.0855781 0.320918 
0.307454 0.290494 0.0426015 0.35945 
0.349391 0.243245 0.0203841 0.38698 
0.386572 0.198306 0.00949613 0.405626 
0.174133 0.526563 0.0108065 0.288498 
0.207303 0.461902 0.00541684 0.325378 
0.24156 0.396592 0.00265767 0.359191 
0.276008 0.333899 0.0012786 0.388814 
0.0898355 0.652067 0.00499393 0.253103 
0.0941407 0.225262 0.450666 0.229932 
0.0780255 0.233377 0.498027 0.190571 
0.063728 0.238265 0.542356 0.155651 
0.0515821 0.289281 0.512154 0.146983 
0.0411178 0.345893 0.476297 0.136692 
0.0322464 0.406898 0.435789 0.125067 
0.0248637 0.470611 0.39202 0.112506 
0.0188448 0.535031 0.346642 0.0994826 
0.0386802 0.274546 0.533628 0.153146 
0.0650159 0.368762 0.414988 0.151235 
0.0508432 0.432565 0.378613 0.137979 
0.0390387 0.498201 0.33916 0.123601 
0.0294359 0.563479 0.298355 0.10873 
0.021811 0.626279 0.257917 0.0939929 
0.0493113 0.35398 0.437332 0.159377 
0.0414084 0.148624 0.642674 0.167293 
0.0453516 0.108518 0.586562 0.259568 
0.0162778 0.107112 0.736862 0.139748 
0.26873 0.451388 0.025341 0.254541 
0.314987 0.389853 0.0125065 0.282653 
0.0188484 0.163125 0.798147 0.0198791 
0.00656946 0.16657 0.824262 0.00259827 
0.0125036 0.198145 0.784406 0.00494528 
0.0073845 0.219417 0.772103 0.00109524 
0.0138893 0.257935 0.726115 0.00206 
0.00812963 0.283075 0.708343 0.000452156 
0.00622063 0.270754 0.722679 0.000345981 
0.0276402 0.0958049 0.756101 0.120453 
0.0309785 0.0715841 0.706185 0.191252 
0.0330216 0.0508701 0.627299 0.28881 
0.0330602 0.0339531 0.523361 0.409626 
0.0128507 0.0362939 0.712019 0.238837 
0.0132653 0.0249765 0.612491 0.349267 
0.0235783 0.0249718 0.408249 0.543201 
0.0323662 0.0252583 0.235962 0.706414 
0.00439353 0.0142181 0.563499 0.41789 
0.00368774 0.0149176 0.630636 0.350759 
0.00303782 0.0153607 0.692659 0.288942 
0.00968624 0.189521 0.789501 0.0112913 
0.00739099 0.180765 0.803228 0.00861573 
0.00562937 0.1721 0.815708 0.0065622 
0.0106696 0.203869 0.773024 0.0124376 
0.015529 0.0717678 0.842854 0.0698493 
0.0119556 0.0690663 0.865202 0.053776 
0.00915668 0.0661216 0.883535 0.0411866 
0.00698427 0.063043 0.898558 0.0314152 
0.0184077 0.159312 0.811967 0.0103139 
0.0344537 0.186364 0.759878 0.0193045 
0.0207854 0.210808 0.764039 0.0043673 
0.0385682 0.244476 0.708852 0.00810369 
0.0419761 0.311811 0.642906 0.0033074 
0.0319315 0.355796 0.611329 0.000943488 
0.0247009 0.344036 0.630533 0.000729844 
0.099682 0.188461 0.317996 0.393861 
0.133699 0.186254 0.179584 0.500463 
0.162913 0.167228 0.0921368 0.577722 
0.0475329 0.292752 0.322592 0.337123 
0.0191098 0.323664 0.453924 0.203302 
0.0212056 0.239441 0.419756 0.319598 
0.00806847 0.250536 0.558991 0.182404 
0.0089717 0.185722 0.517973 0.287333 
0.00324637 0.184807 0.655991 0.155955 
0.00363109 0.137806 0.611443 0.24712 
0.00380169 0.0961869 0.533476 0.366535 
0.00141575 0.0985049 0.695333 0.204746 
0.00151161 0.0701162 0.618676 0.309696 
0.002779 0.0725087 0.426524 0.498188 
0.00239506 0.0781141 0.49013 0.42936 
0.00202473 0.0825447 0.552459 0.362971 
0.11839 0.0405086 0.0976447 0.743457 
0.0392007 0.0804782 0.38798 0.492341 
0.00250168 0.0474714 0.737207 0.21282 
0.0026334 0.0333138 0.646684 0.317369 
0.000929315 0.0323299 0.798743 0.167997 
0.00100347 0.0232732 0.718735 0.256988 
0.00102444 0.0158397 0.611462 0.371674 
0.0328848 0.31475 0.612206 0.0401593 
0.025636 0.306712 0.636344 0.031307 
0.0198915 0.29748 0.658336 0.0242917 
0.0153743 0.287406 0.678444 0.0187753 
0.0118446 0.276778 0.696913 0.0144648 
0.00910075 0.265826 0.713959 0.0111139 
0.00697673 0.254731 0.729772 0.00852007 
0.0129297 0.295052 0.676228 0.0157899 
0.0644888 0.588036 0.213831 0.133644 
0.0477012 0.65244 0.184528 0.11533 
0.0346616 0.711134 0.156433 0.0977709 
0.0247949 0.763055 0.130554 0.0815962 
0.0174996 0.807816 0.107498 0.0671865 
0.0499322 0.576242 0.230047 0.143779 
0.0444567 0.128263 0.627261 0.200019 
0.0843829 0.136944 0.446475 0.332199 
0.122651 0.146667 0.273243 0.457439 
0.00926113 0.12182 0.722123 0.146796 
0.0102878 0.0902164 0.66848 0.231016 
0.00695249 0.160256 0.827088 0.00570321 
0.0132086 0.190289 0.785668 0.0108352 
0.228201 0.242564 0.0753169 0.453919 
0.0652893 0.416392 0.258582 0.259737 
0.0675721 0.574601 0.133812 0.224015 
0.0501672 0.639897 0.115903 0.194033 
0.0365755 0.699798 0.098585 0.165042 
0.0893732 0.427493 0.180671 0.302463 
0.126064 0.152348 0.514763 0.206824 
0.104213 0.157427 0.567384 0.170975 
0.451696 0.198804 0.00224816 0.347251 
0.245885 0.470056 0.00130178 0.282758 
0.285691 0.402429 0.000636852 0.311243 
0.325631 0.337981 0.000305635 0.336083 
0.364569 0.278819 0.000144077 0.356468 
0.0648091 0.0857003 0.252096 0.597395 
0.0296352 0.283647 0.500625 0.186092 
0.0329444 0.210214 0.463773 0.293069 
0.012321 0.216201 0.607069 0.164409 
0.0137625 0.160997 0.565078 0.260163 
0.0143277 0.111739 0.490235 0.383699 
0.00548326 0.117598 0.656653 0.220265 
0.00581386 0.0831258 0.580204 0.330856 
0.0103884 0.0835494 0.388774 0.517288 
0.0143149 0.0848313 0.225565 0.675289 
0.102827 0.100656 0.325697 0.47082 
0.0185048 0.108684 0.703352 0.169458 
0.0201764 0.0790012 0.639071 0.261751 
0.0206679 0.0539505 0.545534 0.379848 
0.0078046 0.056025 0.721014 0.215157 
0.186156 0.148404 0.12544 0.54 
0.0508363 0.243162 0.41107 0.294932 
0.457558 0.131834 0.00042821 0.410179 
0.22061 0.381381 0.00247751 0.395532 
0.182401 0.38096 0.080417 0.356222 
0.312239 0.192237 0.00432666 0.491198 
0.124897 0.461373 0.0207682 0.392962 
0.115869 0.570699 0.00963352 0.303798 
0.0866253 0.639994 0.00840251 0.264978 
0.0634357 0.703002 0.00717869 0.226384 
0.0456232 0.758401 0.00602342 0.189952 
0.0323141 0.805745 0.00497734 0.156963 
0.0744707 0.560302 0.129027 0.236201 
0.0687705 0.689886 0.0595753 0.181768 
0.0496478 0.747079 0.0501777 0.153095 
0.0352758 0.796223 0.0415943 0.126907 
0.0247342 0.837427 0.0340253 0.103813 
0.073293 0.620372 0.0756185 0.230717 
0.091137 0.385704 0.16455 0.358609 
0.0402253 0.468157 0.254198 0.23742 
0.0395948 0.230409 0.437873 0.292123 
0.0672226 0.220039 0.278777 0.433962 
0.0887008 0.213937 0.154883 0.542478 
0.174387 0.119891 0.467302 0.23842 
0.278715 0.107784 0.280076 0.333424 
0.351941 0.100286 0.148909 0.398864 
0.0994663 0.170058 0.50502 0.225456 
0.0372131 0.174965 0.661298 0.126524 
0.0133985 0.0352891 0.439559 0.511753 
0.052637 0.186594 0.705253 0.0555156 
0.0624111 0.147495 0.696843 0.093251 
0.0714455 0.112564 0.664762 0.151229 
0.0633407 0.149692 0.73669 0.0502775 
0.0493698 0.145843 0.765599 0.0391878 
0.0382219 0.141139 0.7903 0.0303391 
0.0692523 0.159827 0.715951 0.0549699 
0.0565535 0.195779 0.730834 0.0168338 
0.0437532 0.189333 0.75389 0.0130236 
0.0792552 0.21435 0.682803 0.0235912 
0.062745 0.254546 0.675705 0.00700377 
0.0486821 0.24687 0.699014 0.00543403 
0.0376004 0.238342 0.71986 0.00419707 
0.0682786 0.270503 0.653597 0.00762145 
0.0849157 0.224277 0.677379 0.0134279 
0.103817 0.182798 0.690128 0.0232571 
0.12452 0.146168 0.689794 0.0395179 
0.146017 0.114268 0.674067 0.0656487 
0.0484116 0.228536 0.68334 0.0397126 
0.0102808 0.222163 0.764394 0.00316254 
0.00784588 0.211933 0.777808 0.00241353 
0.0147584 0.249159 0.731543 0.00453994 
0.0113124 0.286471 0.700912 0.00130495 
0.00570378 0.19721 0.791627 0.00545869 
0.0107571 0.232457 0.746491 0.0102949 
0.00634779 0.2572 0.734175 0.00227814 
0.0118327 0.299647 0.684273 0.00424659 
0.0782389 0.236378 0.621202 0.0641803 
0.0926545 0.186621 0.61305 0.107675 
0.125593 0.337286 0.415494 0.121627 
0.0998225 0.402117 0.385278 0.112782 
0.0777392 0.469738 0.350052 0.102471 
0.145425 0.219682 0.491126 0.143767 
0.180944 0.364449 0.305539 0.149067 
0.143835 0.434561 0.283358 0.138246 
0.111713 0.506266 0.256755 0.125266 
0.405927 0.188403 0.0202993 0.38537 
0.186524 0.510315 0.0235643 0.279596 
0.222755 0.449063 0.0118491 0.316333 
0.259526 0.385508 0.00581265 0.349153 
0.295989 0.323969 0.0027913 0.377251 
0.0977572 0.641989 0.0110627 0.249191 
0.130412 0.428221 0.0258267 0.41554 
0.055557 0.118655 0.620572 0.205216 
0.0194141 0.114024 0.758994 0.107567 
0.0243204 0.0423231 0.550235 0.383121 
0.00920803 0.0440663 0.729143 0.217583 
0.0096475 0.0307797 0.636619 0.322954 
0.453768 0.11234 0.00331857 0.430573 
0.223666 0.33224 0.019629 0.424465 
0.121378 0.49582 0.0372825 0.34552 
0.111453 0.60704 0.0171171 0.26439 
0.0825312 0.67427 0.0147877 0.228411 
0.0599064 0.734143 0.0125229 0.193428 
0.0427477 0.785798 0.0104253 0.16103 
0.116229 0.534137 0.0212595 0.328374 
0.104458 0.640057 0.00955323 0.245932 
0.0145148 0.14275 0.832529 0.0102057 
0.027376 0.168273 0.785103 0.0192487 
0.0165054 0.190226 0.788916 0.004352 
0.0308969 0.222557 0.7384 0.00814665 
0.0183701 0.248107 0.731707 0.00181638 
0.0339492 0.286573 0.676121 0.00335679 
0.0259111 0.328083 0.645045 0.000960753 
0.0199771 0.316185 0.663097 0.00074073 
0.0363299 0.359378 0.602945 0.00134707 
0.0273243 0.405441 0.566855 0.000379932 
0.0192442 0.150082 0.716525 0.114149 
0.0197103 0.153718 0.764462 0.0621105 
0.0152409 0.148577 0.788156 0.0480267 
0.011725 0.142877 0.80845 0.0369475 
0.0216251 0.164698 0.745533 0.0681442 
0.166823 0.0630893 0.0695199 0.700567 
0.0599926 0.136128 0.300007 0.503872 
0.0267803 0.167108 0.468724 0.337388 
0.0101712 0.174538 0.62308 0.192211 
0.011079 0.126744 0.565575 0.296602 
0.00397948 0.125194 0.711021 0.159805 
0.00439067 0.0920865 0.65374 0.249783 
0.00416823 0.131132 0.775777 0.0889231 
0.00322775 0.126931 0.800982 0.0688593 
0.00584832 0.14374 0.725646 0.124765 
0.00497601 0.183451 0.771765 0.0398085 
0.0306587 0.318802 0.57509 0.0754491 
0.0380311 0.527285 0.35669 0.0779935 
0.0284645 0.591972 0.31146 0.0681035 
0.0209414 0.653272 0.267332 0.0584545 
0.0151646 0.709598 0.225852 0.0493846 
0.0108267 0.759919 0.18812 0.0411341 
0.0290457 0.509675 0.378514 0.0827655 
0.0323628 0.189294 0.615041 0.163302 
0.0358616 0.139839 0.567944 0.256355 
0.0649889 0.142548 0.385964 0.4065 
0.0905591 0.146362 0.226452 0.536627 
0.0190274 0.184513 0.570958 0.225501 
0.0812255 0.409003 0.418001 0.0917709 
0.0629917 0.475783 0.378194 0.0830315 
0.119335 0.225337 0.537354 0.117974 
0.101711 0.288088 0.572494 0.0377068 
0.0816469 0.346886 0.536153 0.0353133 
0.0643554 0.410132 0.493039 0.0324736 
0.0497856 0.47592 0.444986 0.0293086 
0.0949225 0.22685 0.636317 0.0419105 
0.0761628 0.273026 0.638201 0.0126104 
0.131652 0.294965 0.551585 0.0217978 
0.160768 0.480264 0.336786 0.0221821 
0.177851 0.425037 0.372573 0.0245392 
0.165744 0.198052 0.607618 0.0285859 
0.21882 0.348632 0.401098 0.03145 
0.0141542 0.179798 0.735463 0.0705849 
0.0109714 0.174209 0.760107 0.0547126 
0.00845955 0.167906 0.781448 0.0421865 
0.00649506 0.161144 0.799972 0.0323899 
0.00496966 0.154123 0.816125 0.0247829 
0.00379198 0.146999 0.830299 0.01891 
0.127716 0.429268 0.293348 0.149667 
0.0991224 0.499742 0.265617 0.135519 
0.11013 0.44419 0.295113 0.150568 
0.106212 0.214195 0.498078 0.181515 
0.134088 0.360549 0.314401 0.190962 
0.10604 0.427697 0.290075 0.176188 
0.0821027 0.496721 0.262025 0.15915 
0.0622671 0.565074 0.231842 0.140817 
0.0463074 0.63036 0.201155 0.122178 
0.103736 0.353026 0.337964 0.205274 
0.0919418 0.156445 0.524194 0.22742 
0.0340781 0.159462 0.680021 0.126439 
0.0384545 0.11996 0.63946 0.202126 
0.0351659 0.164552 0.730967 0.0693151 
0.413177 0.125539 0.00388506 0.457399 
0.194178 0.353992 0.02191 0.429921 
0.0498113 0.749163 0.0133876 0.187638 
0.128422 0.482868 0.0258867 0.362823 
0.118085 0.591999 0.0119015 0.278014 
0.143535 0.530225 0.00609118 0.320148 
0.106983 0.681286 0.00395321 0.207778 
0.0777531 0.742718 0.00335197 0.176177 
0.0554872 0.795042 0.00279075 0.14668 
0.151459 0.542541 0.00571328 0.300286 
0.134279 0.641334 0.00253261 0.221854 
0.164138 0.577644 0.00130349 0.256914 
0.103386 0.471123 0.156278 0.269213 
0.0999836 0.607489 0.0755671 0.21696 
0.0739251 0.673741 0.0651843 0.18715 
0.0536106 0.732897 0.0551504 0.158342 
0.0382378 0.78411 0.0458921 0.131761 
0.104047 0.533401 0.0936562 0.268896 
0.119489 0.306283 0.188223 0.386005 
0.0543243 0.382931 0.299507 0.263238 
0.058162 0.546644 0.160332 0.234862 
0.0434308 0.612286 0.139678 0.204606 
0.0318519 0.67357 0.119512 0.175066 
0.0756258 0.399813 0.212817 0.311744 
0.0775724 0.546806 0.109148 0.266474 
0.381426 0.0869628 0.0275355 0.504075 
0.092287 0.462899 0.139908 0.304906 
0.118144 0.43665 0.075414 0.369792 
0.143734 0.391429 0.0386307 0.426207 
0.168663 0.338445 0.0190867 0.473806 
0.192769 0.285023 0.00918511 0.513023 
0.063428 0.562698 0.0362669 0.337607 
0.076396 0.338872 0.076443 0.508289 
0.0374807 0.457198 0.131263 0.374058 
0.036587 0.595063 0.0640667 0.304283 
0.0269235 0.65684 0.0550027 0.261234 
0.0194939 0.713374 0.046462 0.22067 
0.0639 0.196388 0.715843 0.0238689 
0.077438 0.158664 0.72292 0.0409783 
0.0917839 0.125371 0.714038 0.0688071 
0.105757 0.0963054 0.685621 0.112317 
0.117452 0.0713035 0.634533 0.176711 
0.0519918 0.287621 0.655246 0.00514079 
0.0252746 0.393245 0.578078 0.00340152 
0.0195392 0.456012 0.521381 0.0030679 
0.014854 0.520002 0.462423 0.00272098 
0.0111056 0.583169 0.403352 0.0023734 
0.0240802 0.316121 0.655939 0.00385967 
0.0199621 0.323529 0.649345 0.00716412 
0.0151271 0.367752 0.615085 0.00203584 
0.0117562 0.428705 0.557693 0.00184588 
0.00899064 0.491782 0.497581 0.00164692 
0.0810127 0.410127 0.455696 0.0531646 
0.0628067 0.476938 0.412169 0.0480864 
0.0477553 0.543962 0.365626 0.0426564 
0.0356375 0.6089 0.318325 0.0371379 
0.0261331 0.669762 0.272333 0.0317722 
0.0188609 0.725078 0.229308 0.0267526 
0.0134221 0.773986 0.190381 0.0222111 
0.00943607 0.816197 0.15615 0.0182175 
0.00656578 0.851885 0.12676 0.0147887 
0.020159 0.653891 0.291896 0.0340545 
0.0223867 0.363075 0.567266 0.0472722 
0.0269878 0.583595 0.341927 0.0474899 
0.0198922 0.645236 0.294033 0.040838 
0.0460091 0.373094 0.510056 0.0708411 
0.0507419 0.413919 0.514093 0.0212457 
0.0391472 0.479006 0.462724 0.0191228 
0.0432949 0.423806 0.511751 0.0211489 
0.0326354 0.479193 0.482193 0.00597821 
0.0247059 0.544143 0.425872 0.00527994 
0.0183833 0.607334 0.3697 0.00458352 
0.0134573 0.666888 0.31574 0.00391453 
0.0320472 0.397032 0.563929 0.00699157 
0.0240031 0.446061 0.527972 0.00196373 
0.0183041 0.51023 0.469719 0.00174707 
0.0541863 0.0648291 0.429077 0.451907 
0.0762391 0.0672098 0.254191 0.60236 
0.0161028 0.0851743 0.644268 0.254455 
0.0165965 0.0585237 0.55335 0.37153 
0.270527 0.191703 0.0765314 0.461238 
0.089222 0.505801 0.151444 0.253533 
0.116497 0.486629 0.0832591 0.313615 
0.144317 0.444195 0.043428 0.36806 
0.030301 0.711867 0.139343 0.118489 
0.0754429 0.443098 0.2602 0.221259 
0.0733227 0.215323 0.442554 0.268801 
0.0280114 0.226214 0.59174 0.154035 
0.100831 0.280752 0.536326 0.0820908 
0.124216 0.461153 0.330356 0.0842746 
0.0955743 0.53223 0.296546 0.0756496 
0.0719606 0.601096 0.260491 0.0664519 
0.0817938 0.546587 0.296087 0.0755323 
0.0845279 0.282429 0.535472 0.0975714 
0.104337 0.46482 0.330479 0.100364 
0.191911 0.21374 0.455897 0.138453 
0.317603 0.198973 0.282933 0.200491 
0.0171853 0.185046 0.762062 0.0357068 
0.0132166 0.17789 0.781433 0.0274608 
0.024359 0.204914 0.720115 0.050612 
0.0292507 0.164043 0.720607 0.0860992 
0.146635 0.095692 0.409478 0.348195 
0.203822 0.0980086 0.239652 0.458518 
0.251219 0.0890105 0.124371 0.535399 
0.0750237 0.159492 0.445704 0.319781 
0.314832 0.148732 0.0763415 0.460094 
0.103444 0.293212 0.301 0.302344 
0.042802 0.333638 0.435909 0.187652 
0.0354607 0.138206 0.632 0.194333 
0.0381475 0.0991186 0.56657 0.296164 
0.0139328 0.0995543 0.724259 0.162254 
0.0152486 0.0726373 0.660547 0.251567 
0.0157118 0.049896 0.567178 0.367214 
0.00584327 0.0510303 0.738274 0.204852 
0.0382969 0.799746 0.0739367 0.0880199 
0.106469 0.555841 0.154163 0.183527 
0.120496 0.314538 0.305331 0.259635 
0.132573 0.461415 0.167966 0.238046 
0.102107 0.533068 0.150927 0.213899 
0.0769258 0.60241 0.132657 0.188007 
0.164362 0.321782 0.21258 0.301276 
0.0431211 0.796339 0.019773 0.140767 
0.030262 0.838295 0.0161893 0.115254 
0.0894219 0.619275 0.0358786 0.255425 
0.114478 0.396398 0.0803806 0.408744 
0.0545388 0.519335 0.13403 0.292096 
0.0596783 0.284138 0.256656 0.399528 
0.0663243 0.42104 0.142619 0.370017 
0.084258 0.394127 0.0762875 0.445327 
0.0198015 0.555745 0.21514 0.209313 
0.0613174 0.0632335 0.821557 0.0538922 
0.0475453 0.0612889 0.849378 0.0417879 
0.0366171 0.0590021 0.872198 0.032183 
0.0280487 0.0564945 0.890805 0.0246521 
0.0525835 0.0661947 0.835006 0.0462159 
0.0612844 0.0514319 0.810978 0.0763062 
0.0696819 0.0389863 0.768419 0.122913 
0.076561 0.0285567 0.703565 0.191317 
0.0803423 0.0199781 0.615261 0.284418 
0.0295885 0.0202332 0.79306 0.157118 
0.0319342 0.0145582 0.713277 0.240231 
0.0327073 0.00994039 0.608787 0.348565 
0.0120529 0.0100736 0.7852 0.192674 
0.0127401 0.00709864 0.691643 0.288518 
0.0127074 0.00472027 0.574888 0.407684 
0.00479647 0.00489964 0.75948 0.230823 
0.00495522 0.00337454 0.653848 0.337823 
0.00480782 0.00218277 0.528664 0.464345 
0.0110531 0.13588 0.845295 0.00777168 
0.0209975 0.161333 0.802906 0.0147639 
0.0125944 0.18144 0.802644 0.0033208 
0.0237345 0.213706 0.756302 0.00625812 
0.0140667 0.237481 0.747061 0.00139087 
0.0261748 0.276185 0.695052 0.00258809 
0.0330001 0.232135 0.730243 0.00462251 
0.0791985 0.275648 0.401368 0.243785 
0.0658505 0.286488 0.444963 0.202698 
0.0526304 0.34346 0.414905 0.189005 
0.0413637 0.404902 0.380433 0.173302 
0.0291629 0.215108 0.731807 0.0239227 
0.0357258 0.175678 0.747079 0.0415173 
0.0428251 0.140392 0.746279 0.0705039 
0.0499011 0.109059 0.724656 0.116384 
0.0559829 0.0815672 0.677478 0.184972 
0.0511471 0.111782 0.773698 0.0633727 
0.0371358 0.38775 0.52674 0.0483741 
0.0287935 0.450968 0.47648 0.0437584 
0.0219431 0.515513 0.423638 0.0389055 
0.0164387 0.579295 0.370263 0.0340037 
0.0121138 0.640329 0.318324 0.0292338 
0.00879025 0.696974 0.269487 0.0247488 
0.00628986 0.748079 0.22497 0.0206605 
0.0044452 0.793029 0.185491 0.0170349 
0.0125359 0.559106 0.392328 0.0360301 
0.110602 0.307958 0.504257 0.0771822 
0.0888318 0.309176 0.540002 0.06199 
0.0707868 0.369557 0.502026 0.0576305 
0.0553864 0.433734 0.458272 0.0526077 
0.042539 0.499688 0.410634 0.0471391 
0.0320773 0.565199 0.361253 0.0414704 
0.0674716 0.29721 0.569896 0.0654218 
0.053969 0.356598 0.569809 0.0196235 
0.0422777 0.419022 0.520766 0.0179346 
0.0330722 0.409731 0.543167 0.0140295 
0.0849197 0.25055 0.64214 0.0223909 
0.111926 0.440305 0.423176 0.0245931 
0.0864438 0.510092 0.381304 0.0221597 
0.0653743 0.578647 0.336428 0.0195516 
0.0484737 0.643583 0.29103 0.0169133 
0.035302 0.703054 0.247274 0.0143704 
0.0866736 0.431535 0.45533 0.0264617 
0.0950608 0.631058 0.249696 0.0241853 
0.207449 0.344287 0.40868 0.0395843 
0.229524 0.507896 0.226083 0.036497 
0.255475 0.452256 0.251645 0.0406235 
0.250918 0.592254 0.123579 0.0332492 
0.284633 0.537466 0.140183 0.0377168 
0.258106 0.649833 0.0635593 0.0285013 
0.155354 0.320417 0.283315 0.240914 
0.210229 0.319492 0.161427 0.308852 
0.260762 0.292002 0.0843071 0.362929 
0.0695305 0.467164 0.26976 0.193546 
0.0683599 0.229649 0.464132 0.237859 
0.0254965 0.235547 0.605883 0.133073 
0.0291073 0.17927 0.576405 0.215218 
0.010169 0.172234 0.704813 0.112784 
0.0116602 0.13166 0.673473 0.183207 
0.0126713 0.0953845 0.609894 0.28205 
0.00447326 0.0926004 0.753572 0.149355 
0.00493863 0.068156 0.693307 0.233598 
0.0827556 0.198019 0.385159 0.334066 
0.116999 0.206284 0.229277 0.44744 
0.148207 0.192543 0.122288 0.536961 
0.038547 0.30047 0.381669 0.279314 
0.0147145 0.31542 0.509931 0.159934 
0.0167876 0.239906 0.484811 0.258495 
0.0299928 0.241097 0.324812 0.404099 
0.0412422 0.244281 0.188058 0.526418 
0.0516086 0.22524 0.0990854 0.624066 
0.013439 0.351919 0.309625 0.325017 
0.0147954 0.516583 0.170438 0.298184 
0.0406094 0.259123 0.630011 0.0702563 
0.0318559 0.254085 0.658947 0.0551123 
0.024826 0.247517 0.684707 0.0429501 
0.0192432 0.239821 0.707644 0.0332917 
0.01485 0.231338 0.728121 0.0256913 
0.0114183 0.222348 0.74648 0.0197543 
0.0210136 0.255746 0.686886 0.0363545 
0.107581 0.253928 0.610124 0.0283661 
0.0852623 0.301873 0.604435 0.00843048 
0.0667705 0.295502 0.631125 0.00660206 
0.0532443 0.353461 0.587153 0.00614208 
0.0417402 0.415636 0.537006 0.0056175 
0.032151 0.480225 0.482576 0.00504812 
0.0243313 0.545139 0.426073 0.00445705 
0.0503219 0.281863 0.660901 0.00691354 
0.0386546 0.324768 0.634586 0.00199148 
0.0304731 0.384044 0.583651 0.00183163 
0.0236299 0.446701 0.528013 0.00165703 
0.0443706 0.209696 0.7436 0.00233359 
0.0344147 0.243967 0.72094 0.000678743 
0.0224006 0.846047 0.053513 0.0780398 
0.0673547 0.635978 0.120678 0.175989 
0.0824903 0.389446 0.258644 0.26942 
0.0773384 0.182562 0.424358 0.315742 
0.0338845 0.0977611 0.451902 0.416453 
0.0135049 0.107149 0.630377 0.248969 
0.0140243 0.0741803 0.545522 0.366274 
0.00523931 0.0762101 0.713298 0.205252 
0.016773 0.180607 0.694197 0.108423 
0.00745072 0.0980553 0.749505 0.144989 
0.00825281 0.0724075 0.691827 0.227513 
0.00863846 0.0505274 0.603463 0.337372 
0.00866678 0.274344 0.715989 0.000999768 
0.00662978 0.26233 0.730276 0.000764788 
0.160476 0.0551638 0.255968 0.528392 
0.198246 0.0502136 0.133142 0.618398 
0.0338821 0.596999 0.327068 0.0420515 
0.0353929 0.311809 0.59789 0.0549082 
0.0278452 0.367972 0.587984 0.0161995 
0.0216748 0.429645 0.533969 0.0147114 
0.0165929 0.493365 0.476903 0.0131392 
0.0124913 0.557115 0.418854 0.0115398 
0.00925082 0.618884 0.361895 0.00997057 
0.100814 0.254135 0.472762 0.172289 
0.0816587 0.308772 0.446757 0.162812 
0.0665997 0.314788 0.485825 0.132787 
0.0536818 0.317163 0.522124 0.107032 
0.0424886 0.376547 0.482131 0.0988334 
0.0330624 0.439514 0.437698 0.089725 
0.0252836 0.504161 0.390505 0.0800507 
0.019003 0.568386 0.342418 0.0701932 
0.0140455 0.630158 0.295269 0.060528 
0.0102195 0.687756 0.250645 0.0513803 
0.0073514 0.844349 0.113542 0.0347578 
0.0222997 0.640311 0.258314 0.0790756 
0.0461978 0.124361 0.512148 0.317293 
0.0384403 0.129348 0.568198 0.264013 
0.0314637 0.13234 0.620099 0.216097 
0.0253783 0.133431 0.666889 0.174302 
0.0202112 0.13283 0.708145 0.138814 
0.0159237 0.130815 0.743895 0.109366 
0.0131167 0.0909289 0.854308 0.0416462 
0.0100319 0.08693 0.871186 0.0318517 
0.00764551 0.0828139 0.885266 0.0242749 
0.0145266 0.0983422 0.841009 0.0461226 
0.0171654 0.0774712 0.828153 0.0772099 
0.0197685 0.0594797 0.794784 0.125968 
0.0232312 0.0310658 0.64861 0.297093 
0.042713 0.0321288 0.447201 0.477957 
0.00651329 0.0293959 0.818324 0.145767 
0.073384 0.156084 0.589938 0.180593 
0.0593881 0.157895 0.636567 0.146151 
0.0474474 0.157685 0.678102 0.116765 
0.0374943 0.155759 0.714475 0.0922712 
0.029359 0.152454 0.745936 0.0722507 
0.0228162 0.148099 0.772935 0.0561493 
0.0176232 0.142989 0.796018 0.0433696 
0.315469 0.32169 0.000244257 0.362597 
0.352039 0.264512 0.000114767 0.383334 
0.386793 0.214145 5.30934e-05 0.399009 
0.419235 0.171026 2.42302e-05 0.409715 
0.185084 0.453026 0.000128366 0.361761 
0.1697 0.55383 5.88482e-05 0.276411 
0.202103 0.486005 2.95093e-05 0.311863 
0.236192 0.418511 1.45207e-05 0.345283 
0.27096 0.353771 7.01398e-06 0.375262 
0.0140465 0.151959 0.826124 0.00787031 
0.0265052 0.179212 0.779431 0.0148509 
0.0158985 0.201556 0.779205 0.00334049 
0.0297272 0.235544 0.728483 0.00624609 
0.0176124 0.261661 0.719339 0.00138773 
0.0134941 0.250596 0.734847 0.00106324 
0.0250539 0.290793 0.682179 0.00197406 
0.0716233 0.747848 0.0604964 0.120032 
0.181793 0.474545 0.115163 0.228499 
0.171097 0.595498 0.0541937 0.179212 
0.0666218 0.141702 0.5207 0.270977 
0.0551053 0.146508 0.574253 0.224134 
0.0448724 0.149127 0.623487 0.182513 
0.0360389 0.149713 0.667664 0.146584 
0.0286027 0.148527 0.706533 0.116338 
0.022475 0.145884 0.740226 0.0914145 
0.0175146 0.142108 0.769138 0.0712387 
0.0135572 0.137499 0.793802 0.0551423 
0.0245808 0.155813 0.719627 0.0999794 
0.0282608 0.119427 0.68947 0.162842 
0.0309494 0.0871921 0.629218 0.25264 
0.0576326 0.0913305 0.439389 0.411648 
