0.5 0.5 
0.176851 0.823149 
0.212668 0.787332 
0.184603 0.815397 
0.275106 0.724894 
0.241327 0.758673 
0.262255 0.737745 
0.284317 0.715683 
0.307461 0.692539 
0.331617 0.668383 
0.356692 0.643308 
0.382579 0.617421 
0.409149 0.590851 
0.436261 0.563739 
0.296434 0.703566 
0.452297 0.547703 
0.402774 0.597226 
0.670819 0.329181 
0.743847 0.256153 
0.840378 0.159622 
0.737766 0.262234 
0.600543 0.399457 
0.681766 0.318234 
0.795253 0.204747 
0.674855 0.325145 
0.561357 0.438643 
0.677857 0.322143 
0.352747 0.647253 
0.54616 0.45384 
0.685712 0.314288 
0.741242 0.258758 
0.296319 0.703681 
0.346158 0.653842 
0.399618 0.600382 
0.455582 0.544418 
0.412246 0.587754 
0.540389 0.459611 
0.663406 0.336594 
0.152596 0.847404 
0.131138 0.868862 
0.144328 0.855672 
0.158602 0.841398 
0.174001 0.825999 
0.190557 0.809443 
0.20829 0.79171 
0.125291 0.874709 
0.219204 0.780796 
0.314388 0.685612 
0.47334 0.52666 
0.594809 0.405191 
0.742083 0.257917 
0.824545 0.175455 
0.307354 0.692646 
0.426555 0.573445 
0.384031 0.615969 
0.410636 0.589364 
0.437773 0.562227 
0.465288 0.534712 
0.493016 0.506984 
0.84882 0.15118 
0.452161 0.547839 
0.509242 0.490758 
0.566083 0.433917 
0.52232 0.47768 
0.647014 0.352986 
0.605728 0.394272 
0.631934 0.368066 
0.657384 0.342616 
0.510915 0.489085 
0.67186 0.32814 
0.455354 0.544646 
0.602507 0.397493 
0.683541 0.316459 
0.796584 0.203416 
0.848032 0.151968 
0.910049 0.0899511 
0.843905 0.156095 
0.183466 0.816534 
0.253435 0.746565 
0.38098 0.61902 
0.481825 0.518175 
0.627674 0.372326 
0.473922 0.526078 
0.57646 0.42354 
0.711615 0.288385 
0.568708 0.431292 
0.665799 0.334201 
0.783168 0.216832 
0.658714 0.341286 
0.733361 0.266639 
0.278006 0.721994 
0.355469 0.644531 
0.124989 0.875011 
0.239784 0.760216 
0.621238 0.378762 
0.673426 0.326574 
0.721645 0.278355 
0.765227 0.234773 
0.732041 0.267959 
0.820774 0.179226 
0.79332 0.20668 
0.810949 0.189051 
0.417302 0.582698 
0.564912 0.435088 
0.701846 0.298154 
0.257077 0.742923 
0.404133 0.595867 
0.0906606 0.909339 
0.0391181 0.960882 
0.0623482 0.937652 
0.115301 0.884699 
0.0505284 0.949472 
0.0879932 0.912007 
0.22573 0.77427 
0.305781 0.694219 
0.444002 0.555998 
0.546794 0.453206 
0.686264 0.313736 
0.757107 0.242893 
0.446692 0.553308 
0.301387 0.698613 
0.418906 0.581094 
0.5424 0.4576 
0.758501 0.241499 
0.626638 0.373362 
0.734016 0.265984 
0.416822 0.583178 
0.504585 0.495415 
0.5933 0.4067 
0.274223 0.725777 
0.408905 0.591095 
0.536959 0.463041 
0.49289 0.50711 
0.520661 0.479339 
0.548305 0.451695 
0.575654 0.424346 
0.602547 0.397453 
0.628835 0.371165 
0.654382 0.345618 
0.23187 0.76813 
0.201921 0.798079 
0.220424 0.779576 
0.240112 0.759888 
0.26097 0.73903 
0.282965 0.717035 
0.306047 0.693953 
0.19362 0.80638 
0.320013 0.679987 
0.434605 0.565395 
0.601054 0.398946 
0.711048 0.288952 
0.828271 0.171729 
0.887359 0.112641 
0.916699 0.0833007 
0.617984 0.382016 
0.670383 0.329617 
0.630268 0.369732 
0.740768 0.259232 
0.705456 0.294544 
0.72801 0.27199 
0.749451 0.250549 
0.769735 0.230265 
0.788841 0.211159 
0.806759 0.193241 
0.520787 0.479213 
0.54843 0.45157 
0.575777 0.424223 
0.388821 0.611179 
0.516077 0.483923 
0.641281 0.358719 
0.599739 0.400261 
0.626098 0.373902 
0.651729 0.348271 
0.67651 0.32349 
0.80384 0.19616 
0.837451 0.162549 
0.811966 0.188034 
0.878621 0.121379 
0.358104 0.641896 
0.318613 0.681387 
0.34321 0.65679 
0.368679 0.631321 
0.241243 0.758757 
0.383923 0.616077 
0.504423 0.495577 
0.666108 0.333892 
0.765174 0.234826 
0.614889 0.385111 
0.694678 0.305322 
0.804878 0.195122 
0.854611 0.145389 
0.914215 0.0857853 
0.850631 0.149369 
0.778337 0.221663 
0.652341 0.347659 
0.208042 0.791958 
0.0354726 0.964527 
0.0500402 0.94996 
0.122483 0.877517 
0.174155 0.825845 
0.276583 0.723417 
0.36614 0.63386 
0.51154 0.48846 
0.424816 0.575184 
0.591438 0.408562 
0.702772 0.297228 
0.53673 0.46327 
0.636417 0.363583 
0.760392 0.239608 
0.818913 0.181087 
0.89129 0.10871 
0.921156 0.0788442 
0.751612 0.248388 
0.811747 0.188253 
0.860649 0.139351 
0.615327 0.384673 
0.724528 0.275472 
0.405188 0.594812 
0.295785 0.704215 
0.0831193 0.916881 
0.0229409 0.977059 
0.10289 0.89711 
0.183535 0.816465 
0.268558 0.731442 
0.418482 0.581518 
0.540316 0.459684 
0.365462 0.634538 
0.465287 0.534713 
0.612043 0.387957 
0.457416 0.542584 
0.718101 0.281899 
0.784017 0.215983 
0.868095 0.131905 
0.903644 0.0963559 
0.944453 0.0555474 
0.900851 0.0991493 
0.57553 0.42447 
0.694459 0.305541 
0.792103 0.207897 
0.761532 0.238468 
0.781125 0.218875 
0.799531 0.200469 
0.816753 0.183247 
0.832804 0.167196 
0.847712 0.152288 
0.260873 0.739127 
0.228291 0.771709 
0.248458 0.751542 
0.269784 0.730216 
0.292228 0.707772 
0.183535 0.816465 
0.305842 0.694158 
0.418482 0.581518 
0.585146 0.414854 
0.82167 0.17833 
0.882708 0.117292 
0.465162 0.534838 
0.42162 0.57838 
0.448931 0.551069 
0.476553 0.523447 
0.331403 0.668597 
0.492775 0.507225 
0.613422 0.386578 
0.756699 0.243301 
0.835523 0.164477 
0.713396 0.286604 
0.780076 0.219924 
0.865424 0.134576 
0.901612 0.0983882 
0.943227 0.056773 
0.898766 0.101234 
0.825913 0.174087 
0.88799 0.11201 
0.830167 0.169833 
0.594558 0.405442 
0.190041 0.809959 
0.236765 0.763235 
0.0743698 0.92563 
0.159492 0.840508 
0.174959 0.825041 
0.103505 0.896495 
0.184534 0.815466 
0.0845868 0.915413 
0.143488 0.856512 
0.201982 0.798018 
0.314542 0.685458 
0.409433 0.590567 
0.556921 0.443079 
0.791581 0.208419 
0.66992 0.33008 
0.743072 0.256928 
0.839832 0.160168 
0.881963 0.118037 
0.931255 0.0687446 
0.878625 0.121375 
0.816965 0.183035 
0.733483 0.266517 
0.819007 0.180993 
0.539594 0.460406 
0.658357 0.341643 
0.332934 0.667066 
0.524282 0.475718 
0.666454 0.333546 
0.516377 0.483623 
0.718864 0.281136 
0.762738 0.237262 
0.801654 0.198346 
0.835564 0.164436 
0.864654 0.135346 
0.842633 0.157367 
0.899759 0.100241 
0.882674 0.117326 
0.893703 0.106297 
0.531932 0.468068 
0.559476 0.440524 
0.586659 0.413341 
0.613323 0.386677 
0.639325 0.360675 
0.664535 0.335465 
0.68884 0.31116 
0.712147 0.287853 
0.0205681 0.979432 
0.0250798 0.97492 
0.0211065 0.978893 
0.0235291 0.976471 
0.0262223 0.973778 
0.0144492 0.985551 
0.0279329 0.972067 
0.0448307 0.955169 
0.0842425 0.915757 
0.130627 0.869373 
0.2275 0.7725 
0.107345 0.892655 
0.178995 0.821005 
0.397148 0.602852 
0.498824 0.501176 
0.643429 0.356571 
0.490907 0.509093 
0.592977 0.407023 
0.725372 0.274628 
0.58531 0.41469 
0.680761 0.319239 
0.794498 0.205502 
0.673838 0.326162 
0.74645 0.25355 
0.291865 0.708135 
0.371203 0.628797 
0.610024 0.389976 
0.319394 0.680606 
0.955692 0.0443081 
0.760231 0.239769 
0.726591 0.273409 
0.816677 0.183323 
0.881905 0.118095 
0.862243 0.137757 
0.87492 0.12508 
0.886584 0.113416 
0.897288 0.102712 
0.321462 0.678538 
0.481479 0.518521 
0.602647 0.397353 
0.748278 0.251722 
0.829215 0.170785 
0.704064 0.295936 
0.772221 0.227779 
0.860071 0.139929 
0.897528 0.102472 
0.155358 0.844642 
0.0790502 0.92095 
0.754459 0.245541 
0.720308 0.279692 
0.74214 0.25786 
0.762829 0.237171 
0.636514 0.363486 
0.461803 0.538197 
0.564532 0.435468 
0.701523 0.298477 
0.770074 0.229926 
0.8586 0.1414 
0.896403 0.103597 
0.940075 0.0599248 
0.957182 0.0428178 
0.335997 0.664003 
0.297813 0.702187 
0.321562 0.678438 
0.346272 0.653728 
0.223835 0.776165 
0.361119 0.638881 
0.480038 0.519962 
0.644066 0.355934 
0.747189 0.252811 
0.591538 0.408462 
0.813988 0.186012 
0.861798 0.138202 
0.918736 0.0812643 
0.941556 0.0584441 
0.966896 0.0331037 
0.939788 0.0602116 
0.681849 0.318151 
0.642386 0.357614 
0.667493 0.332507 
0.691684 0.308316 
0.864625 0.135375 
0.842599 0.157401 
0.856784 0.143216 
0.371721 0.628279 
0.49794 0.50206 
0.624421 0.375579 
0.582199 0.417801 
0.60896 0.39104 
0.458832 0.541168 
0.624313 0.375687 
0.730768 0.269232 
0.841771 0.158229 
0.896793 0.103207 
0.94454 0.0554602 
0.932925 0.0670753 
0.79945 0.20055 
0.833658 0.166342 
0.863031 0.136969 
0.887914 0.112086 
0.908755 0.0912451 
0.729325 0.270675 
0.818735 0.181265 
0.791047 0.208953 
0.808823 0.191177 
0.195415 0.804585 
0.268443 0.731557 
0.399499 0.600501 
0.667801 0.332199 
0.517892 0.482108 
0.618753 0.381247 
0.74635 0.25365 
0.807433 0.192567 
0.883746 0.116254 
0.80246 0.19754 
0.684619 0.315381 
0.783896 0.216104 
0.691035 0.308965 
0.786211 0.213789 
0.487829 0.512171 
0.610302 0.389698 
0.288569 0.711431 
0.149002 0.850998 
0.278825 0.721175 
0.412094 0.587906 
0.483255 0.516745 
0.610542 0.389458 
0.72436 0.27564 
0.687754 0.312246 
0.711109 0.288891 
0.191584 0.808416 
0.209389 0.790611 
0.126021 0.873979 
0.0659919 0.934008 
0.976892 0.0231077 
0.21875 0.78125 
0.445089 0.554911 
0.611213 0.388787 
0.187718 0.812282 
0.225134 0.774866 
0.195833 0.804167 
0.289885 0.710115 
0.254929 0.745071 
0.157032 0.842968 
0.267462 0.732538 
0.373574 0.626426 
0.0841088 0.915891 
0.152537 0.847463 
0.227195 0.772805 
0.365569 0.634431 
0.484842 0.515158 
0.648464 0.351536 
0.429626 0.570374 
0.577277 0.422723 
0.673546 0.326454 
0.789057 0.210943 
0.842031 0.157969 
0.906226 0.0937738 
0.9323 0.0676996 
0.96149 0.0385103 
0.972661 0.0273388 
0.315733 0.684267 
0.340219 0.659781 
0.365589 0.634411 
0.238817 0.761183 
0.380782 0.619218 
0.501098 0.498902 
0.329829 0.670171 
0.597931 0.402069 
0.692005 0.307995 
0.802896 0.197104 
0.685214 0.314786 
0.756209 0.243791 
0.849027 0.150973 
0.889059 0.110941 
0.674857 0.325143 
0.773382 0.226618 
0.469185 0.530815 
0.35275 0.64725 
0.105248 0.894752 
0.237624 0.762376 
0.320148 0.679852 
0.367016 0.632984 
0.393193 0.606807 
0.42 0.58 
0.28277 0.71723 
0.4359 0.5641 
0.557939 0.442061 
0.712129 0.287871 
0.801607 0.198393 
0.664412 0.335588 
0.738308 0.261692 
0.836467 0.163533 
0.879356 0.120644 
0.92965 0.0703497 
0.875955 0.124045 
0.909607 0.0903931 
0.584854 0.415146 
0.164739 0.835261 
0.0268703 0.97313 
0.0380447 0.961955 
0.0948559 0.905144 
0.136688 0.863312 
0.223031 0.776969 
0.681959 0.318041 
0.538623 0.461377 
0.554946 0.445054 
0.51103 0.48897 
0.538737 0.461263 
0.566207 0.433793 
0.415422 0.584578 
0.582087 0.417913 
0.694655 0.305345 
0.816815 0.183185 
0.593155 0.406845 
0.709637 0.290363 
0.8038 0.1962 
0.77446 0.22554 
0.793279 0.206721 
0.81091 0.18909 
0.827365 0.172635 
0.660316 0.339684 
0.765182 0.234818 
0.84526 0.15474 
0.901544 0.098456 
0.938837 0.0611631 
0.96259 0.0374098 
0.955687 0.0443132 
0.633479 0.366521 
0.74341 0.25659 
0.708317 0.291683 
0.730735 0.269265 
0.596371 0.403629 
0.419949 0.580051 
0.437422 0.562578 
0.540171 0.459829 
0.680488 0.319512 
0.752164 0.247836 
0.846209 0.153791 
0.886888 0.113112 
0.934277 0.0657231 
0.952956 0.0470436 
0.839911 0.160089 
0.371162 0.628838 
0.438318 0.561682 
0.168133 0.831867 
0.30858 0.69142 
0.447251 0.552749 
0.550051 0.449949 
0.689088 0.310912 
0.5422 0.4578 
0.253506 0.746494 
0.221569 0.778431 
0.323015 0.676985 
0.444393 0.555607 
0.572791 0.427209 
0.692076 0.307924 
0.653236 0.346764 
0.677964 0.322036 
0.534057 0.465943 
0.691978 0.308022 
0.837417 0.162583 
0.896203 0.103797 
0.878594 0.121406 
0.889959 0.110041 
0.4359 0.5641 
0.602316 0.397684 
0.712129 0.287871 
0.829019 0.170981 
0.887885 0.112115 
0.939475 0.0605253 
0.0567434 0.943257 
0.0480008 0.951999 
0.0405472 0.959453 
0.0450983 0.954902 
0.0501336 0.949866 
0.0556983 0.944302 
0.0618404 0.93816 
0.0346447 0.965355 
0.0172812 0.982719 
0.0258806 0.974119 
0.0459546 0.954045 
0.0678372 0.932163 
0.11656 0.88344 
0.285038 0.714962 
0.37591 0.62409 
0.521996 0.478004 
0.767429 0.232571 
0.638115 0.361885 
0.71532 0.28468 
0.39423 0.60577 
0.123163 0.876837 
0.27124 0.72876 
0.359927 0.640073 
0.504826 0.495174 
0.606343 0.393657 
0.736324 0.263676 
0.598757 0.401243 
0.331505 0.668495 
0.356576 0.643424 
0.38246 0.61754 
0.252163 0.747837 
0.397914 0.602086 
0.519105 0.480895 
0.345949 0.654051 
0.444176 0.555824 
0.591641 0.408359 
0.686415 0.313585 
0.798733 0.201267 
0.849741 0.150259 
0.911133 0.0888668 
0.845651 0.154349 
0.745402 0.254598 
0.643521 0.356479 
0.720078 0.279922 
0.264782 0.735218 
0.340296 0.659704 
0.117855 0.882145 
0.227804 0.772196 
0.348471 0.651529 
0.617757 0.382243 
0.697245 0.302755 
0.671962 0.328038 
0.695975 0.304025 
0.718966 0.281034 
0.740865 0.259135 
0.260784 0.739216 
0.408794 0.591206 
0.53038 0.46962 
0.688821 0.311179 
0.78334 0.21666 
0.876336 0.123664 
0.920474 0.079526 
0.733417 0.266583 
0.832996 0.167004 
0.900428 0.0995715 
0.942512 0.0574877 
0.889281 0.110719 
0.909893 0.0901068 
0.926983 0.0730167 
0.133404 0.866596 
0.231788 0.768212 
0.330125 0.669875 
0.491332 0.508668 
0.612052 0.387948 
0.755634 0.244366 
0.834728 0.165272 
0.712215 0.287785 
0.779084 0.220916 
0.86475 0.13525 
0.901099 0.0989015 
0.942917 0.0570829 
0.959248 0.040752 
0.977104 0.0228961 
0.957992 0.0420083 
0.974024 0.0259765 
0.56784 0.43216 
0.59488 0.40512 
0.621357 0.378643 
0.647129 0.352871 
0.401336 0.598664 
0.428306 0.571694 
0.455708 0.544292 
0.313109 0.686891 
0.47186 0.52814 
0.593377 0.406623 
0.740945 0.259055 
0.823684 0.176316 
0.695966 0.304034 
0.550206 0.449794 
0.162267 0.837733 
0.245111 0.754889 
0.352456 0.647544 
0.4771 0.5229 
0.271439 0.728561 
0.154376 0.845624 
0.355517 0.644483 
0.454572 0.545428 
0.601751 0.398249 
0.820329 0.179671 
0.866776 0.133224 
0.921848 0.0781515 
0.943848 0.056152 
0.968228 0.0317719 
0.942146 0.0578545 
0.909428 0.0905719 
0.942889 0.0571114 
0.810462 0.189538 
0.875478 0.124522 
0.645511 0.354489 
0.528919 0.471081 
0.648643 0.351357 
0.323475 0.676525 
0.63508 0.36492 
0.481862 0.518138 
0.584209 0.415791 
0.576495 0.423505 
0.456323 0.543677 
0.579841 0.420159 
0.263315 0.736685 
0.612181 0.387819 
0.45756 0.54244 
0.560328 0.439672 
0.697934 0.302066 
0.767036 0.232964 
0.460264 0.539736 
0.54857 0.45143 
0.635105 0.364895 
0.310722 0.689278 
0.088669 0.911331 
0.204969 0.795031 
0.6764 0.3236 
0.77797 0.22203 
0.745987 0.254013 
0.766465 0.233535 
0.785766 0.214234 
0.666323 0.333677 
0.796497 0.203503 
0.864733 0.135267 
0.758013 0.241987 
0.816976 0.183024 
0.890023 0.109977 
0.920206 0.0797943 
0.954354 0.0456456 
0.917849 0.0821512 
0.87324 0.12676 
0.704546 0.295454 
0.40037 0.59963 
0.0129491 0.987051 
0.0250686 0.974931 
0.0403054 0.959695 
0.0760558 0.923944 
0.118516 0.881484 
0.208562 0.791438 
0.300904 0.699096 
0.45759 0.54241 
0.579464 0.420536 
0.403049 0.596951 
0.504971 0.495029 
0.64905 0.35095 
0.724928 0.275072 
0.82693 0.17307 
0.871937 0.128063 
0.638132 0.361868 
0.485157 0.514843 
0.133385 0.866615 
0.180633 0.819367 
0.368748 0.631252 
0.468807 0.531193 
0.615396 0.384604 
0.695132 0.304868 
0.371286 0.628714 
0.203136 0.796864 
0.529588 0.470412 
1 0 
0.869888 0.130112 
0.881957 0.118043 
0.478212 0.521788 
0.505981 0.494019 
0.533713 0.466287 
0.383923 0.616077 
0.549837 0.450163 
0.827293 0.172707 
0.800595 0.199405 
0.817746 0.182254 
0.65577 0.34423 
0.680405 0.319595 
0.704073 0.295927 
0.726692 0.273308 
0.926043 0.0739566 
0.347779 0.652221 
0.373394 0.626606 
0.399739 0.600261 
0.426678 0.573322 
0.288351 0.711649 
0.442638 0.557362 
0.564676 0.435324 
0.388603 0.611397 
0.489869 0.510131 
0.635169 0.364831 
0.712719 0.287281 
0.818112 0.181888 
0.865038 0.134962 
0.920763 0.0792366 
0.943049 0.0569505 
0.967764 0.0322355 
0.941324 0.0586757 
0.307256 0.692744 
0.465048 0.534952 
0.58676 0.41324 
0.73566 0.26434 
0.819676 0.180324 
0.899085 0.100915 
0.935699 0.0643009 
0.966127 0.0338734 
0.958835 0.0411646 
0.494437 0.505563 
0.657166 0.342834 
0.757921 0.242079 
0.859876 0.140124 
0.90928 0.0907195 
0.830831 0.169169 
0.724097 0.275903 
0.811861 0.188139 
0.527776 0.472224 
0.407976 0.592024 
0.531193 0.468807 
0.750149 0.249851 
0.635081 0.364919 
0.486525 0.513475 
0.649998 0.350002 
0.639199 0.360801 
0.486311 0.513689 
0.740974 0.259026 
0.803009 0.196991 
0.880817 0.119183 
0.913281 0.0867195 
0.950233 0.0497673 
0.910739 0.0892611 
0.935647 0.0643526 
0.790167 0.209833 
0.698966 0.301034 
0.588755 0.411245 
0.671062 0.328938 
0.74503 0.25497 
0.430786 0.569214 
0.287962 0.712038 
0.366789 0.633211 
0.605505 0.394495 
0.686246 0.313754 
0.361629 0.638371 
0.108946 0.891054 
0.244701 0.755299 
0.0654206 0.934579 
0.0178072 0.982193 
0.0458382 0.954162 
0.080119 0.919881 
0.136373 0.863627 
0.222568 0.777432 
0.0403844 0.959616 
0.0761993 0.923801 
0.13917 0.86083 
0.240625 0.759375 
0.0445071 0.955493 
0.271096 0.728904 
0.293606 0.706394 
0.317171 0.682829 
0.341713 0.658287 
0.852786 0.147214 
0.904413 0.0955873 
0.822576 0.177424 
0.868535 0.131465 
0.631147 0.368853 
0.513393 0.486607 
0.360528 0.639472 
0.446756 0.553244 
0.570401 0.429599 
0.778674 0.221326 
0.652784 0.347216 
0.501161 0.498839 
0.62291 0.37709 
0.29964 0.70036 
0.485789 0.514211 
0.631376 0.368624 
0.477881 0.522119 
0.600785 0.399215 
0.280458 0.719542 
0.782346 0.217654 
0.463394 0.536606 
0.62861 0.37139 
0.734365 0.265635 
0.844201 0.155799 
0.89848 0.10152 
0.812616 0.187384 
0.860718 0.139282 
0.918058 0.0819417 
0.941057 0.0589434 
0.966606 0.0333942 
0.97633 0.0236703 
0.986804 0.0131959 
0.167464 0.832536 
0.28277 0.71723 
0.391707 0.608293 
0.557939 0.442061 
0.673361 0.326639 
0.801607 0.198393 
0.868412 0.131588 
0.763803 0.236197 
0.821686 0.178314 
0.893099 0.106901 
0.922511 0.0774885 
0.755108 0.244892 
0.814605 0.185395 
0.38086 0.61914 
0.468389 0.531611 
0.700118 0.299882 
0.768886 0.231114 
0.857785 0.142215 
0.76321 0.23679 
0.665255 0.334745 
0.550637 0.449363 
0.635855 0.364145 
0.19644 0.80356 
0.259339 0.740661 
0.0831471 0.916853 
0.166841 0.833159 
0.266354 0.733646 
0.35422 0.64578 
0.889256 0.110744 
0.930846 0.0691538 
0.91858 0.0814197 
0.926515 0.0734852 
0.933732 0.0662682 
0.629057 0.370943 
0.707308 0.292692 
0.814168 0.185832 
0.86194 0.13806 
0.617883 0.382117 
0.72668 0.27332 
0.407796 0.592204 
0.495272 0.504728 
0.120784 0.879216 
0.164415 0.835585 
0.342704 0.657296 
0.44063 0.55937 
0.588164 0.411836 
0.683313 0.316687 
0.796413 0.203587 
0.67642 0.32358 
0.527649 0.472351 
0.105472 0.894528 
0.0899371 0.910063 
0.0764949 0.923505 
0.0847246 0.915275 
0.0937499 0.90625 
0.103628 0.896372 
0.0592149 0.940785 
0.109818 0.890182 
0.0479587 0.952041 
0.0836862 0.916314 
0.121252 0.878748 
0.200105 0.799895 
0.274287 0.725713 
0.40661 0.59339 
0.674325 0.325675 
0.746869 0.253131 
0.842502 0.157498 
0.884028 0.115972 
0.932524 0.0674761 
0.880741 0.119259 
0.797833 0.202167 
0.868327 0.131673 
0.903821 0.0961794 
0.568149 0.431851 
0.155538 0.844462 
0.208742 0.791258 
0.411432 0.588568 
0.513649 0.486351 
0.788756 0.211244 
0.80668 0.19332 
0.823423 0.176577 
0.839005 0.160995 
0.853457 0.146543 
0.807715 0.192285 
0.778799 0.221201 
0.657166 0.342834 
0.789786 0.210214 
0.192616 0.807384 
0.210492 0.789508 
0.229554 0.770446 
0.139575 0.860425 
0.241243 0.758757 
0.341807 0.658193 
0.504423 0.495577 
0.624411 0.375589 
0.765174 0.234826 
0.841827 0.158173 
0.722828 0.277172 
0.787965 0.212035 
0.870759 0.129241 
0.905668 0.0943315 
0.945671 0.0543288 
0.961247 0.0387534 
0.978247 0.0217533 
0.960049 0.0399507 
0.43941 0.56059 
0.466943 0.533057 
0.494678 0.505322 
0.347674 0.652326 
0.510915 0.489085 
0.630483 0.369517 
0.455354 0.544646 
0.558136 0.441864 
0.696055 0.303945 
0.765443 0.234557 
0.855417 0.144583 
0.893966 0.106034 
0.938595 0.061405 
0.956105 0.0438951 
0.975303 0.0246974 
0.954756 0.0452438 
0.554832 0.445168 
0.379155 0.620845 
0.479893 0.520107 
0.625863 0.374137 
0.471992 0.528008 
0.574568 0.425432 
0.710023 0.289977 
0.566808 0.433192 
0.664074 0.335926 
0.781851 0.218149 
0.836259 0.163741 
0.902528 0.0974717 
0.831876 0.168124 
0.753139 0.246861 
0.619816 0.380184 
0.731492 0.268508 
0.449728 0.550272 
0.519359 0.480641 
0.218667 0.781333 
0.381945 0.618055 
0.52839 0.47161 
0.62863 0.37137 
0.914577 0.0854231 
0.899736 0.100264 
0.909326 0.0906743 
0.409027 0.590973 
0.273691 0.726309 
0.424816 0.575184 
0.54676 0.45324 
0.702772 0.297228 
0.794319 0.205681 
0.883305 0.116695 
0.925168 0.0748323 
0.960368 0.0396324 
0.714866 0.285134 
0.736968 0.263032 
0.604029 0.395971 
0.053208 0.946792 
0.0782613 0.921739 
0.1334 0.8666 
0.188687 0.811313 
0.296592 0.703408 
0.389142 0.610858 
0.535954 0.464046 
0.635694 0.364306 
0.759823 0.240177 
0.81845 0.18155 
0.890987 0.109013 
0.920929 0.0790712 
0.751029 0.248971 
0.650344 0.349656 
0.534195 0.465805 
0.379973 0.620027 
0.0790171 0.920983 
0.109438 0.890562 
0.245637 0.754363 
0.329741 0.670259 
0.690156 0.309844 
0.713405 0.286595 
0.735579 0.264421 
0.756622 0.243378 
0.769646 0.230354 
0.848503 0.151497 
0.824388 0.175612 
0.839901 0.160099 
0.74068 0.25932 
0.447286 0.552714 
0.474894 0.525106 
0.502656 0.497344 
0.861391 0.138609 
0.886533 0.113467 
0.907604 0.0923962 
0.925092 0.0749076 
0.593276 0.406724 
0.442638 0.557362 
0.60885 0.39115 
0.717705 0.282295 
0.48314 0.51686 
0.646909 0.353091 
0.749529 0.250471 
0.594536 0.405464 
0.688992 0.311008 
0.800655 0.199345 
0.851266 0.148734 
0.9121 0.0879 
0.936655 0.0633448 
0.964039 0.0359607 
0.93475 0.0652504 
0.884463 0.115537 
0.91642 0.0835795 
0.552277 0.447723 
0.164832 0.835168 
0.0306115 0.969388 
0.0491504 0.95085 
0.014267 0.985733 
0.200777 0.799223 
0.329931 0.670069 
0.445746 0.554254 
0.611844 0.388156 
0.720248 0.279752 
0.834607 0.165393 
0.8918 0.1082 
0.941707 0.0582934 
0.24496 0.75504 
0.388712 0.611288 
0.509472 0.490528 
0.670586 0.329414 
0.768785 0.231215 
0.866967 0.133033 
0.914121 0.0858786 
0.839118 0.160882 
0.88141 0.11859 
0.549951 0.450049 
0.577277 0.422723 
0.604139 0.395861 
0.45382 0.54618 
0.619563 0.380437 
0.726774 0.273226 
0.565857 0.434143 
0.663209 0.336791 
0.78119 0.21881 
0.835729 0.164271 
0.902187 0.0978128 
0.929297 0.0707031 
0.959725 0.0402748 
0.971393 0.0286066 
0.897906 0.102094 
0.844304 0.155696 
0.78226 0.21774 
0.857598 0.142402 
0.834648 0.165352 
0.733205 0.266795 
0.573854 0.426146 
0.670457 0.329543 
0.786715 0.213285 
0.663422 0.336578 
0.737449 0.262551 
0.835859 0.164141 
0.73127 0.26873 
0.794986 0.205014 
0.50108 0.49892 
0.382433 0.617567 
0.732249 0.267751 
0.59373 0.40627 
0.473986 0.526014 
0.597034 0.402966 
0.277318 0.722682 
0.458681 0.541319 
0.605713 0.394287 
0.450827 0.549173 
0.553626 0.446374 
0.692177 0.307823 
0.875646 0.124354 
0.855113 0.144887 
0.868346 0.131654 
0.619672 0.380328 
0.645493 0.354507 
0.497825 0.502175 
0.660213 0.339787 
0.760399 0.239601 
0.861501 0.138499 
0.910392 0.0896077 
0.832728 0.167272 
0.876452 0.123548 
0.927858 0.0721422 
0.948261 0.0517394 
0.970784 0.0292158 
0.946684 0.0533156 
0.961981 0.038019 
0.77985 0.22015 
0.33152 0.66848 
0.415316 0.584684 
0.155387 0.844613 
0.288885 0.711115 
0.424134 0.575866 
0.526684 0.473316 
0.668591 0.331409 
0.518782 0.481218 
0.619594 0.380406 
0.221489 0.778511 
0.357998 0.642002 
0.476656 0.523344 
0.308575 0.691425 
0.402723 0.597277 
0.550045 0.449955 
0.648742 0.351258 
0.770033 0.229967 
0.826736 0.173264 
0.896382 0.103618 
0.924967 0.0750335 
0.957173 0.0428274 
0.969557 0.0304432 
0.891876 0.108124 
0.815085 0.184915 
0.863265 0.136735 
0.356355 0.643645 
0.52042 0.47958 
0.639305 0.360695 
0.776484 0.223516 
0.850167 0.149833 
0.9175 0.0824996 
0.947821 0.0521792 
0.97268 0.0273202 
0.983094 0.0169058 
0.966095 0.033905 
0.975964 0.024036 
0.986598 0.0134021 
0.694361 0.305639 
0.816608 0.183392 
0.879124 0.120876 
0.357998 0.642002 
0.2146 0.7854 
0.913562 0.0864385 
0.9504 0.0495996 
0.97202 0.0279801 
0.984371 0.0156291 
0.90252 0.09748 
0.176857 0.823143 
0.296328 0.703672 
0.407521 0.592479 
0.57413 0.42587 
0.687691 0.312309 
0.811883 0.188117 
0.453934 0.546066 
0.481594 0.518406 
0.509368 0.490632 
0.537084 0.462916 
0.387133 0.612867 
0.553189 0.446811 
0.669116 0.330884 
0.49771 0.50229 
0.599528 0.400472 
0.73076 0.26924 
0.794563 0.205437 
0.875189 0.124811 
0.909027 0.0909732 
0.721293 0.278707 
0.614751 0.385249 
0.724042 0.275958 
0.404601 0.595399 
0.127909 0.872091 
0.036597 0.963403 
0.00813224 0.991868 
0.0212633 0.978737 
0.0317801 0.96822 
0.0561661 0.943834 
0.371614 0.628386 
0.536844 0.463156 
0.654362 0.345638 
0.787716 0.212284 
0.751884 0.248116 
0.81197 0.18803 
0.886738 0.113262 
0.917739 0.0822611 
0.952889 0.0471107 
0.966469 0.0335313 
0.981223 0.0187773 
0.965427 0.0345731 
0.978684 0.0213156 
0.960838 0.0391616 
0.97619 0.0238101 
0.956349 0.0436513 
0.969117 0.0308831 
0.943722 0.0562784 
0.960029 0.0399711 
0.975303 0.0246967 
0.922163 0.0778369 
0.654646 0.345354 
0.232713 0.767287 
0.28622 0.71378 
0.0940856 0.905914 
0.371839 0.628161 
0.398145 0.601855 
0.264796 0.735204 
0.413808 0.586192 
0.535534 0.464466 
0.361012 0.638988 
0.63061 0.36939 
0.477061 0.522939 
0.579529 0.420471 
0.71419 0.28581 
0.780742 0.219258 
0.865876 0.134124 
0.901956 0.098044 
0.704376 0.295624 
0.772485 0.227515 
0.829442 0.170558 
0.557434 0.442566 
0.674372 0.325628 
0.349122 0.650878 
0.542212 0.457788 
0.682272 0.317728 
0.184534 0.815466 
0.307256 0.692744 
0.420101 0.579899 
0.58676 0.41324 
0.367005 0.632995 
0.512472 0.487528 
0.613621 0.386379 
0.74222 0.25778 
0.804036 0.195964 
0.881498 0.118502 
0.798997 0.201003 
0.84995 0.15005 
0.442283 0.557717 
0.531803 0.468197 
0.227314 0.772686 
0.393794 0.606206 
0.540807 0.459193 
0.78064 0.21936 
0.655373 0.344627 
0.730452 0.269548 
